0
0
0
0
0
0
0
0
0
0
0
0
0
0
0
0
0
0
0
5.46233e-299
6.4885e-276
6.45343e-262
7.33921e-255
1.13291e-253
2.37745e-258
6.27866e-270
1.76835e-290
9.88131e-324
0
0
6.29911e-301
6.12261e-234
9.3477e-194
3.5761e-168
1.17627e-152
9.60962e-145
4.22e-143
1.95364e-147
1.8043e-158
8.58416e-178
4.24807e-208
2.60814e-254
0
0
0
0
0
0
0
0
0
0
0
0
0
0
0
0
1.67982e-322
2.45123e-282
7.27458e-248
2.9069e-221
1.46142e-202
9.20932e-191
6.64122e-185
2.24295e-184
3.51876e-189
4.25653e-200
8.665e-219
2.50488e-248
1.42095e-295
0
0
5.65331e-257
1.32196e-209
2.95954e-178
2.57144e-156
1.84887e-140
1.26439e-127
1.42739e-111
5.48239e-86
7.62551e-66
2.26516e-53
6.14747e-47
1.12354e-45
1.11503e-49
7.61571e-60
7.6129e-78
1.18646e-106
4.1363e-152
3.83481e-226
0
0
0
0
0
0
0
0
0
6.61886e-279
1.40871e-233
1.74087e-203
1.02148e-182
2.7322e-170
2.28925e-164
3.89814e-164
1.36377e-169
2.05143e-181
5.96626e-201
1.58702e-230
1.0551e-274
0
0
0
1.31452e-279
7.76747e-221
7.11181e-182
1.37475e-155
4.65014e-138
3.55396e-127
8.19004e-122
1.70744e-121
3.63489e-126
2.96678e-136
6.39857e-153
1.70718e-178
2.78524e-217
3.5025e-261
3.87614e-194
4.84411e-146
5.51044e-115
5.31085e-95
1.14861e-82
3.4873e-76
7.5394e-75
1.66598e-78
2.61012e-87
5.45686e-102
3.1837e-124
3.30924e-156
5.81227e-173
1.73379e-159
8.23943e-152
1.33538e-150
2.41561e-155
5.699e-166
3.09113e-183
9.37501e-209
1.89817e-245
5.08461e-298
0
0
0
3.09562e-319
4.28587e-242
8.47735e-198
1.24312e-166
2.09367e-143
1.13773e-125
4.03589e-112
3.87219e-102
1.4118e-95
1.71983e-92
4.24938e-93
9.10352e-98
3.45453e-107
1.10201e-122
1.17321e-146
2.20472e-183
1.20733e-237
5.14654e-222
2.88129e-167
6.35769e-131
3.22833e-106
1.3596e-89
5.23497e-79
7.63518e-73
8.38833e-69
1.18921e-59
1.84898e-45
2.53368e-35
1.28497e-29
7.95852e-28
4.99808e-30
7.44764e-37
1.14594e-49
9.50285e-71
5.10242e-104
8.91392e-157
1.38664e-243
0
0
0
0
0
0
0
1.0586e-215
7.5379e-168
2.17283e-135
4.55133e-113
1.17497e-97
1.29869e-88
2.23094e-84
2.93149e-84
3.98514e-88
2.34492e-96
7.16519e-110
2.3568e-130
8.62573e-161
1.63346e-206
7.70584e-272
1.08151e-239
2.99712e-177
8.53917e-135
1.5766e-106
8.53046e-88
1.4786e-75
3.93597e-68
1.32177e-64
1.58603e-64
7.0633e-68
4.32346e-75
4.04186e-87
7.26761e-106
9.2802e-135
7.37006e-169
1.97264e-129
5.28879e-93
5.4071e-70
1.71873e-55
1.07546e-46
3.2041e-42
2.04389e-41
5.13348e-44
4.36462e-50
3.78952e-60
3.33357e-75
1.73077e-94
2.56168e-97
1.69914e-86
6.27644e-80
6.1421e-78
3.27251e-80
7.40297e-87
2.49496e-98
1.75113e-115
4.85452e-140
9.48768e-175
4.7772e-223
3.92558e-276
1.51073e-283
2.90769e-201
5.00076e-151
1.82186e-117
9.71166e-95
3.50792e-79
2.08348e-68
6.64257e-61
1.05223e-55
2.89056e-52
1.52923e-50
5.58161e-51
2.89344e-54
3.92425e-61
1.17792e-72
7.98904e-91
5.43286e-119
3.51946e-158
4.38146e-150
1.82294e-109
3.03968e-82
5.25853e-64
4.29707e-52
4.46652e-45
5.85817e-42
2.22041e-41
1.94165e-39
9.65603e-32
1.6893e-23
5.63582e-18
1.60207e-15
2.19532e-16
4.71712e-21
1.64278e-30
1.84469e-46
8.3745e-72
9.11653e-112
1.93494e-176
7.23869e-287
0
0
0
0
0
0
3.18032e-139
1.44425e-104
3.49178e-81
6.22365e-65
1.26295e-53
4.16931e-47
3.8156e-44
4.32489e-44
1.01182e-46
2.3989e-52
1.18557e-61
7.44372e-76
3.65703e-97
2.35843e-129
1.26487e-170
7.01548e-161
4.83117e-116
3.28813e-84
1.61922e-63
6.14325e-50
4.02077e-41
7.32368e-36
1.82567e-33
1.58267e-33
4.73311e-36
2.16178e-41
3.18538e-50
6.30459e-64
3.47399e-85
5.10891e-112
2.0986e-88
1.9691e-60
6.00084e-43
7.32463e-32
4.73292e-25
1.22477e-21
3.56321e-21
2.22087e-23
3.14113e-28
7.7068e-36
3.17474e-46
1.71105e-56
5.30037e-56
4.8447e-49
2.58738e-44
1.66513e-42
1.83629e-43
2.82944e-47
2.10339e-54
1.16443e-65
2.95525e-82
4.50857e-106
2.75723e-139
3.68217e-174
6.26077e-179
2.72125e-133
3.12628e-95
8.53404e-71
4.99423e-55
1.03918e-44
6.40329e-38
2.26496e-33
3.99369e-30
9.16943e-28
1.95364e-26
1.37878e-26
7.01991e-29
5.53597e-34
1.06628e-42
1.63753e-56
3.39483e-78
7.05505e-109
4.12829e-102
6.02635e-72
4.81597e-52
5.62869e-39
1.13496e-30
4.91823e-26
2.47081e-24
1.21656e-24
8.17384e-25
2.05157e-21
3.05e-15
7.45271e-10
9.62551e-07
1.99004e-06
2.08442e-09
1.88663e-16
6.40681e-29
5.43571e-49
1.30175e-80
1.75022e-131
4.24024e-217
0
0
0
0
0
0
1.05069e-92
1.82432e-66
4.13683e-49
8.60185e-37
6.95714e-28
9.08408e-23
1.94776e-20
2.59564e-20
3.39448e-22
2.84902e-26
4.71273e-33
2.13583e-43
7.73871e-59
3.83392e-82
1.396e-111
9.77943e-111
1.73838e-78
8.23318e-54
5.93916e-38
1.97222e-27
1.52122e-20
1.85617e-16
1.1956e-14
8.20066e-15
6.32611e-17
2.9975e-21
2.87115e-28
6.69559e-39
3.5008e-55
2.31293e-76
7.22607e-63
1.04725e-40
1.75625e-26
3.9331e-17
3.09118e-11
2.68988e-08
5.22236e-08
4.42892e-10
1.91471e-14
7.24596e-21
1.63944e-28
2.98047e-34
2.45949e-33
2.47749e-28
3.20244e-24
4.40696e-22
5.45763e-22
4.57847e-24
1.30308e-28
3.12854e-36
8.34719e-48
1.18439e-64
2.11159e-88
2.66462e-114
1.13147e-121
1.53182e-90
2.70006e-61
3.50942e-43
1.0927e-31
2.97198e-24
1.73884e-19
2.25834e-16
4.04709e-14
2.43179e-12
3.73103e-11
4.41477e-11
8.53669e-13
5.81552e-17
3.66027e-24
2.20973e-35
7.5225e-53
1.68252e-77
6.08693e-72
1.41102e-48
4.02153e-33
6.04849e-23
1.54311e-16
3.34197e-13
1.80235e-12
1.13547e-13
2.83116e-15
1.6142e-14
2.41169e-10
2.50346e-05
0.0923786
1
0.132211
1.57819e-06
3.56759e-16
2.00759e-32
3.38554e-58
1.81485e-99
1.5012e-168
2.41082e-293
0
0
0
0
0
5.231e-65
2.39766e-44
1.14599e-30
1.54982e-20
5.79931e-13
9.43065e-09
6.2335e-07
8.80255e-07
4.36846e-08
5.42676e-11
4.20106e-16
4.03939e-24
5.05282e-36
9.50762e-54
7.11924e-76
1.13785e-79
2.34441e-56
2.87718e-36
3.34133e-23
2.27847e-14
1.14723e-08
1.68363e-05
0.000347578
0.000207436
3.8969e-06
9.94734e-10
8.91801e-16
8.39652e-25
3.91622e-38
2.42634e-55
4.00131e-48
5.60073e-30
1.73709e-17
5.3265e-09
0.000861779
0.241751
0.363352
0.00490926
1.00844e-06
4.28449e-12
5.96618e-18
1.82211e-21
2.99052e-20
4.01933e-16
2.65052e-12
5.59863e-10
2.89773e-09
3.07512e-10
3.5631e-13
1.35526e-18
3.75304e-27
9.87373e-40
1.58706e-57
7.04549e-78
2.24367e-86
8.1255e-65
1.62847e-41
3.1158e-27
4.73843e-18
3.89326e-12
1.40358e-08
1.40076e-06
2.78904e-05
0.000431515
0.00581936
0.0136615
0.000938367
3.41801e-07
1.44037e-13
2.00365e-23
2.47382e-38
1.24581e-58
5.48127e-54
7.37475e-35
6.87527e-22
3.56672e-13
9.22722e-08
2.81736e-05
2.53316e-05
2.19628e-07
3.40312e-10
2.38204e-11
4.3151e-09
4.28144e-05
0.0689857
1
1
0.491035
2.86685e-08
2.45231e-21
1.01273e-42
6.28258e-77
6.93772e-134
8.30355e-236
0
0
0
0
0
3.58831e-49
4.78324e-32
2.06652e-20
1.86226e-11
6.67965e-05
0.129087
1
1
0.570376
0.00813309
1.81839e-06
8.21717e-13
1.52887e-22
8.75044e-37
3.62793e-54
1.916e-60
1.13169e-43
2.04774e-26
5.88291e-15
2.86247e-07
0.0113307
1
1
1
0.542628
0.000830184
6.25497e-09
4.98579e-17
1.06265e-28
2.11594e-43
2.73413e-40
4.60588e-25
1.5824e-13
1.24289e-05
0.530439
0.996944
1
1
0.00379034
2.47354e-07
1.06635e-11
1.00028e-13
4.19359e-12
1.32667e-08
1.74066e-05
0.00173813
0.0161275
0.0123047
0.000311025
6.8002e-08
2.19051e-14
2.15439e-24
1.28491e-38
1.75808e-55
1.77437e-64
1.81934e-49
4.25971e-30
5.66869e-18
4.64681e-10
2.88233e-05
0.00684585
0.0712996
0.249238
1
1
1
1
0.0184619
3.35166e-08
2.51611e-17
9.58213e-31
5.28252e-48
1.09477e-43
4.59445e-27
1.99303e-15
1.52828e-07
0.00621652
0.408247
0.11866
0.000374437
1.27837e-07
5.35594e-10
2.92406e-09
5.01797e-06
0.0106265
0.886448
1
1
0.00113622
4.95964e-14
7.42226e-32
1.3099e-60
3.39747e-108
1.0048e-192
0
0
0
0
0
4.67386e-41
4.50209e-26
1.47147e-15
2.26705e-07
0.0962741
1
1
1
1
1
0.0888259
9.76023e-07
5.42224e-15
4.51081e-27
2.02134e-41
3.86766e-49
2.05672e-37
7.17556e-22
2.13917e-11
0.000129124
0.196985
0.980654
1
1
1
0.106522
5.27329e-06
2.13775e-13
3.70673e-24
1.63066e-37
1.05229e-37
1.10157e-24
1.3076e-13
5.31357e-06
0.214554
0.960428
1
1
0.0692077
4.02749e-05
3.8336e-08
4.85031e-09
2.90904e-07
0.000154424
0.0325153
0.879626
0.98132
1
1
0.0515639
7.23182e-07
3.9253e-15
2.88961e-27
5.61533e-42
2.64601e-51
8.95221e-41
5.67883e-24
4.03869e-13
3.81032e-06
0.0243162
0.832551
1
1
1
1
1
1
0.116091
5.38537e-07
1.05058e-15
2.34538e-28
1.58973e-43
1.09577e-38
2.16626e-23
2.02321e-12
4.6098e-05
0.672614
1
1
0.00839694
2.32888e-06
4.70942e-09
5.10489e-09
1.21437e-06
0.000932779
0.174504
1
1
0.287628
2.21904e-09
3.62994e-24
1.592e-48
1.28213e-88
4.28706e-159
2.25101e-297
0
0
0
0
1.15754e-38
1.00252e-24
9.6833e-15
4.69847e-07
0.0594725
0.799794
0.905621
0.74163
0.981342
1
1
0.000249766
1.48789e-11
2.37228e-22
6.16798e-35
7.45873e-44
2.93539e-36
1.89919e-21
1.95857e-11
3.97312e-05
0.0161138
0.342988
0.839799
0.960848
0.868633
0.1054
1.23605e-05
1.35674e-12
5.64371e-23
4.67209e-36
1.19273e-39
3.82862e-28
6.88335e-17
6.60718e-09
0.000917034
0.418978
1
1
0.14454
0.000638299
6.63308e-06
4.59001e-06
0.000229006
0.0296279
0.595766
0.862924
0.890651
0.947765
0.959921
0.886001
0.00335563
2.9844e-10
3.66041e-21
1.27445e-34
2.20537e-44
7.90176e-37
1.24651e-21
1.59778e-11
3.59047e-05
0.0667799
0.904862
1
1
0.584982
0.580636
0.468732
0.128941
0.000463404
2.15007e-09
5.36563e-18
1.56021e-30
2.62442e-44
1.16033e-37
1.18166e-22
6.9922e-12
9.6542e-05
1
1
1
0.0202512
2.07557e-05
1.78816e-07
2.509e-07
1.66952e-05
0.00209513
0.091645
0.746704
1
1
1.49142e-06
1.11079e-18
2.56187e-39
3.27978e-73
7.58492e-132
9.85071e-244
0
0
0
0
4.16126e-41
7.00435e-27
8.33832e-17
3.88704e-09
0.000398463
0.037977
0.122252
0.135988
0.56149
1
0.7122
0.000209881
3.95599e-11
2.29911e-21
2.37183e-33
7.73602e-44
1.77746e-39
3.63095e-24
6.13992e-14
1.53538e-07
0.000493111
0.0416465
0.249152
0.758987
0.716098
0.0213568
2.32507e-06
2.80582e-13
1.07266e-23
1.91943e-37
3.77749e-45
9.89733e-35
2.06868e-22
3.1986e-13
8.67338e-07
0.0098824
1
1
0.238374
0.00519614
0.000334288
0.00069021
0.0247838
0.792348
0.895302
0.84595
0.363346
0.737511
0.851721
0.789379
0.0200942
8.10542e-09
4.27336e-19
4.46679e-32
1.33651e-42
2.2371e-36
7.03946e-22
4.97581e-12
8.75753e-06
0.0179291
0.714429
1
0.69554
0.242773
0.0466447
0.00291707
2.09862e-05
4.58793e-09
5.3329e-15
6.44029e-24
5.22572e-37
1.80827e-49
1.27313e-38
2.97598e-23
1.40258e-12
1.31435e-05
0.115799
1
1
0.0249833
0.000286979
2.4372e-05
7.06961e-05
0.00189098
0.0370589
0.205017
0.598793
1
1
6.86324e-05
1.16218e-14
5.60088e-32
1.78897e-60
7.12238e-109
1.5708e-197
0
0
0
0
5.85555e-47
4.75e-31
2.43436e-20
4.20048e-12
4.32999e-06
0.00501868
0.100692
0.31713
1
1
0.0350115
5.33784e-06
7.07027e-13
3.33545e-23
8.36591e-36
7.52101e-49
2.50753e-46
4.57423e-29
7.25232e-18
1.91949e-10
1.20949e-05
0.00897182
0.355904
0.935921
0.969128
0.0108263
4.66412e-07
2.90462e-14
6.48817e-25
2.05909e-39
2.94203e-52
1.09282e-43
6.41774e-29
1.10496e-17
1.51861e-09
0.000317731
0.280795
1
0.8044
0.060539
0.0140505
0.0477099
0.817662
0.958787
0.967553
0.928045
0.196284
0.187538
0.318203
0.280169
0.000469046
2.52002e-10
1.89825e-20
8.83228e-34
3.12311e-45
7.96618e-38
2.57408e-23
2.08911e-13
6.63706e-07
0.0059381
0.878406
1
1
0.674563
0.00531022
4.05225e-06
2.85531e-10
7.6939e-16
2.50462e-23
1.69531e-33
2.44614e-47
1.49004e-53
1.09214e-37
2.27203e-23
2.06441e-13
9.3512e-07
0.00773155
0.41256
0.454231
0.0543788
0.00575402
0.00329891
0.0170411
0.184777
0.80897
0.853551
0.514939
0.817041
1
0.000846834
1.97217e-11
1.05196e-25
2.10991e-49
5.93814e-89
2.12843e-158
1.11423e-280
0
0
0
8.24729e-53
2.97378e-35
1.03785e-23
1.91842e-14
3.11138e-07
0.00690231
1
1
1
0.951085
0.00156177
2.89547e-08
5.85047e-16
4.62803e-27
1.556e-41
5.5851e-59
6.30884e-56
5.34624e-35
3.09447e-22
2.38187e-13
3.81235e-07
0.00509045
0.825906
0.881028
0.916951
0.0251687
4.03927e-07
1.1519e-14
1.51869e-25
3.78464e-40
4.0208e-57
1.99228e-52
1.85043e-34
2.68485e-21
7.9854e-12
1.64348e-05
0.0817567
1
1
1
0.535052
0.931841
0.976636
1
1
1
0.115554
0.0160333
0.00438458
0.000172514
6.08089e-08
1.28166e-14
4.06029e-25
1.13707e-39
5.98764e-51
2.56654e-39
1.01419e-24
1.41834e-14
1.42013e-07
0.00588215
1
1
1
1
0.000946596
1.10402e-08
3.57494e-15
2.51538e-23
1.50581e-33
4.44554e-46
1.33867e-54
5.04527e-47
3.59336e-33
6.90475e-22
2.50076e-13
3.03802e-07
0.00194296
0.160884
0.509539
0.252068
0.124456
0.197179
0.800088
1
1
1
0.530779
0.452274
0.971501
0.00912888
1.79247e-08
6.03468e-20
1.7183e-39
1.03411e-71
1.47841e-126
6.419e-222
0
0
0
2.96371e-55
8.16648e-38
1.0061e-25
1.73704e-15
2.69093e-07
0.0423334
1
1
1
0.613759
9.17599e-05
1.07245e-10
1.39235e-19
4.93667e-32
1.11402e-49
1.08005e-74
6.58682e-67
4.76694e-41
1.47922e-26
3.48939e-16
1.39334e-08
0.00223115
0.776701
0.826752
0.861616
0.159394
1.87071e-06
4.65569e-14
6.68283e-25
4.91382e-39
1.16738e-55
1.43301e-54
9.84187e-37
3.76933e-23
3.18307e-13
1.91078e-06
0.0299192
1
1
1
1
0.989719
1
1
1
0.213889
0.00277289
3.7018e-05
4.07734e-07
8.68295e-10
2.34888e-14
8.21908e-22
2.00635e-33
3.71795e-50
8.62413e-57
1.44708e-39
3.32675e-25
6.68058e-15
1.48644e-07
0.0178986
1
1
1
1
0.000126965
5.49186e-11
1.47528e-19
2.76708e-30
3.9692e-43
2.05119e-53
8.70691e-48
7.47047e-37
5.7961e-27
1.67318e-18
1.37653e-11
1.91264e-06
0.00534903
0.469196
1
1
0.968238
1
1
1
1
1
0.764445
0.35192
0.92458
0.161634
1.46804e-05
1.56068e-14
1.31381e-30
3.94511e-57
1.60819e-101
1.1659e-178
3.38687e-318
0
0
8.04297e-55
1.64898e-38
2.8975e-26
1.70957e-15
7.57601e-07
0.184288
1
1
1
0.376423
7.14828e-06
5.67185e-13
4.54819e-23
4.26155e-37
6.6917e-59
1.7911e-96
1.61667e-78
5.02795e-47
8.3491e-31
4.03225e-19
2.37976e-10
0.000279885
0.634057
0.780026
0.815049
0.663279
2.69818e-05
1.41399e-12
5.95227e-23
3.51609e-36
2.82074e-49
1.68991e-48
8.74739e-35
1.79232e-22
4.77722e-13
2.24221e-06
0.053566
1
1
1
1
1
1
1
0.132238
0.000704484
1.04499e-06
6.01559e-10
1.809e-13
8.94228e-18
1.01865e-23
1.47634e-32
1.9993e-46
6.66105e-66
1.07399e-58
2.22049e-38
1.4081e-24
2.2405e-14
4.9716e-07
0.0820676
1
1
1
0.967308
1.15053e-05
4.38222e-13
3.97883e-23
4.20546e-35
7.58149e-46
1.06949e-46
3.75452e-37
4.40083e-28
2.41156e-20
9.92197e-14
2.24718e-08
0.000307881
0.251528
0.967586
1
1
1
1
1
1
1
1
1
0.402046
0.971184
1
0.00915833
1.15332e-09
7.28375e-23
3.85354e-45
3.39593e-82
1.27238e-146
2.13375e-264
0
0
2.19096e-53
3.87859e-38
5.5201e-26
4.29786e-15
2.41389e-06
0.271717
1
1
1
0.19843
8.83351e-07
8.80797e-15
7.19784e-26
2.50911e-41
2.63193e-67
1.71598e-123
1.53706e-91
2.15331e-53
3.49137e-35
2.92825e-22
1.87944e-12
1.25196e-05
0.328557
0.750898
0.785442
0.720757
0.000778401
1.58781e-10
4.8204e-20
6.47255e-32
1.44642e-41
3.87637e-40
6.96244e-30
2.46531e-19
5.83763e-11
8.10443e-05
0.393894
1
1
1
1
1
0.699069
0.0247061
0.000120747
5.95502e-08
2.79857e-12
3.11765e-17
9.81382e-23
3.41877e-29
2.55861e-37
7.9482e-49
1.0234e-66
1.19393e-84
1.80565e-56
2.36813e-36
3.18724e-23
2.39137e-13
2.86516e-06
0.377723
1
1
1
0.613889
1.06174e-06
7.34963e-15
2.03707e-25
5.45954e-36
7.25352e-41
1.44147e-36
5.38458e-28
2.4452e-20
6.92647e-14
1.30837e-08
0.000245089
0.236081
0.910611
1
1
1
1
1
1
1
1
1
0.50429
0.249484
0.879759
1
1
1.36088e-05
1.70701e-16
1.23644e-35
1.44447e-67
4.83385e-123
2.71156e-226
0
0
4.83309e-52
1.68805e-37
1.73829e-25
1.22446e-14
6.59494e-06
0.389824
1
1
1
0.1099
2.1598e-07
6.22674e-16
1.11009e-27
3.51794e-44
1.33596e-73
1.44458e-149
1.21875e-107
6.44696e-61
7.3055e-40
1.31758e-25
8.03942e-15
3.24158e-07
0.0589949
0.740496
0.774196
0.787655
0.0349993
4.30872e-08
1.62447e-16
1.13983e-26
7.72615e-34
5.53348e-32
1.09171e-23
9.77305e-15
1.62922e-07
0.019757
1
1
1
1
1
0.682049
0.00901573
2.94423e-05
7.62394e-09
6.93141e-14
4.45805e-20
2.53042e-27
6.63253e-36
2.16437e-46
5.71086e-59
2.20859e-75
2.733e-99
2.89709e-93
3.61818e-53
3.47799e-34
1.12605e-21
3.28482e-12
1.83475e-05
1
1
1
1
0.311507
2.0963e-07
7.20561e-16
8.83334e-26
3.57777e-33
2.71042e-33
2.3679e-27
7.45285e-20
2.30266e-13
5.19905e-08
0.00123445
0.475382
0.97278
1
1
1
1
1
1
0.961137
0.389537
0.141468
0.0448946
0.0271223
0.038505
0.382732
1
1
0.0166714
9.98107e-12
1.44089e-28
6.58766e-57
3.72165e-106
9.19446e-200
0
0
5.13662e-51
6.69747e-37
5.67371e-25
3.52547e-14
1.79527e-05
0.560053
1
1
1
0.0925059
1.3131e-07
2.33574e-16
1.93185e-28
1.26448e-45
2.33578e-77
1.85372e-165
1.67574e-128
2.24371e-70
5.86504e-45
3.35968e-29
1.9589e-17
6.37776e-09
0.00481372
0.679475
0.77318
0.782265
0.49264
1.71263e-05
8.99208e-13
3.74627e-21
1.74796e-26
2.43122e-24
3.0664e-17
9.86733e-10
0.00096725
0.957611
1
1
1
1
1
0.0314989
4.79085e-05
7.08745e-09
2.26607e-14
2.14646e-21
2.52416e-30
1.64095e-41
4.72497e-56
5.17828e-75
4.13109e-97
1.40081e-120
1.85824e-150
2.59905e-90
2.08783e-50
2.38137e-32
2.57135e-20
3.21901e-11
9.94973e-05
1
1
1
1
0.278586
1.28276e-07
7.75132e-16
4.99521e-24
1.11001e-27
6.59528e-25
7.56168e-19
1.49288e-12
3.68116e-07
0.0103627
0.659818
1
1
1
1
1
1
0.930524
0.0701598
0.00237485
0.000163479
2.87158e-05
1.7499e-05
5.28547e-05
0.000686141
0.0549688
0.846266
1
1
9.47144e-09
5.69664e-24
8.68005e-50
6.72552e-95
4.7771e-182
0
0
3.73034e-50
2.27584e-36
1.83061e-24
1.08767e-13
5.49436e-05
0.661764
1
1
1
0.131729
1.87677e-07
3.5664e-16
2.56601e-28
7.20953e-46
9.60699e-79
1.51173e-169
6.89687e-156
1.93112e-82
1.16227e-50
4.1388e-33
2.58938e-20
8.43201e-11
0.000279431
0.566627
0.770922
0.775526
0.660331
0.00490188
3.39447e-09
7.32749e-16
1.39715e-19
2.89004e-17
3.55486e-11
6.45672e-05
0.531054
1
1
1
1
1
0.626451
0.000679904
1.01724e-07
2.39108e-13
7.81436e-21
7.58207e-31
1.20668e-44
4.01126e-63
2.01174e-88
1.47461e-123
2.8425e-167
3.40543e-208
2.91773e-231
1.21904e-85
1.78793e-48
4.8277e-31
2.48577e-19
1.70416e-10
0.00036405
1
1
1
1
0.331395
2.27805e-07
1.42834e-14
4.73388e-20
1.91543e-20
1.72342e-16
3.80418e-11
5.20038e-06
0.0779069
0.815283
1
1
1
1
1
1
0.821549
0.00401297
1.31525e-05
7.15585e-08
9.94025e-10
7.46097e-11
8.11826e-11
2.16536e-09
9.60636e-07
0.00143228
0.400273
0.852166
0.919857
8.74326e-08
6.09317e-22
4.64409e-46
1.14158e-88
1.67815e-171
0
0
2.15547e-49
7.06447e-36
5.80623e-24
3.47101e-13
0.000174231
0.697742
1
1
1
0.255094
4.53222e-07
1.31674e-15
1.30951e-27
3.8448e-45
3.00715e-78
2.22434e-166
2.71492e-192
1.03461e-97
1.89666e-57
2.02964e-37
1.66608e-23
5.11913e-13
9.16886e-06
0.457185
0.760489
0.765239
0.746025
0.312129
4.96574e-06
4.00669e-11
2.02613e-13
5.01214e-11
8.04652e-06
0.157376
1
1
1
1
1
1
0.022064
7.01039e-06
4.83487e-11
1.98975e-18
1.63617e-28
1.11824e-43
2.21863e-66
5.39906e-98
4.55526e-142
2.77292e-205
2.66121e-280
0
3.41232e-231
2.7342e-82
3.03358e-47
3.12588e-30
1.01596e-18
4.68551e-10
0.000773358
1
1
1
1
0.353662
1.164e-06
5.12868e-12
1.53074e-14
7.0448e-13
8.36387e-09
0.000256155
0.435578
1
1
1
1
1
1
1
0.760029
0.000654956
3.85114e-07
1.75237e-10
6.32083e-14
5.26541e-17
7.97509e-19
2.01829e-18
1.17631e-15
4.03311e-11
2.6352e-06
0.0160451
0.419499
0.0488612
3.9677e-09
1.13203e-22
8.09152e-46
3.13719e-87
2.19592e-167
0
0
9.60479e-49
2.03902e-35
1.69354e-23
1.01002e-12
0.000453321
0.62379
1
1
1
0.504326
1.31765e-06
7.38767e-15
1.37437e-26
7.92234e-44
2.94625e-76
1.79187e-159
2.98687e-242
6.29324e-117
4.0828e-66
2.5689e-42
3.81568e-27
9.57133e-16
1.33597e-07
0.0642317
0.742018
0.753271
0.738796
0.5646
0.00187923
3.67917e-07
2.65901e-08
7.88554e-06
0.0577736
0.977558
1
1
1
1
1
0.437133
0.000326473
1.75198e-08
4.26394e-15
2.46382e-24
3.52916e-38
1.87728e-61
1.92231e-99
7.27091e-154
3.45962e-231
0
0
0
1.97315e-209
1.24013e-79
2.79587e-46
1.25546e-29
2.67715e-18
8.2735e-10
0.000977135
1
1
1
1
0.336616
1.73641e-05
1.30968e-08
1.03773e-08
5.52764e-06
0.0333151
0.723382
1
1
1
1
1
1
1
0.384858
0.00017774
3.84816e-08
2.99276e-12
6.52493e-17
7.41349e-22
1.64078e-26
1.95574e-29
1.10215e-28
4.01657e-24
2.01749e-17
1.10265e-10
7.73443e-06
0.000778666
4.91981e-06
3.89356e-13
2.01308e-26
2.22775e-49
8.01154e-91
9.33577e-170
0
0
3.72645e-48
6.00897e-35
4.71228e-23
2.60536e-12
0.000666939
0.538457
1
1
1
0.868192
3.80176e-06
4.70859e-14
1.92864e-25
2.8853e-42
1.50009e-73
1.97034e-151
2.74709e-304
5.63508e-141
1.2021e-77
2.85411e-48
1.97029e-31
4.51218e-19
6.73679e-10
0.00134606
0.68212
0.74011
0.732937
0.709876
0.154203
0.000512704
0.000300282
0.04685
0.903964
1
1
1
1
1
1
0.0048743
1.30462e-06
4.34533e-12
4.49384e-20
1.05622e-31
6.68656e-51
2.04998e-85
1.73516e-145
1.63958e-242
0
0
0
0
3.15238e-163
2.26901e-75
1.17929e-44
1.11056e-28
1.02621e-17
1.51683e-09
0.000993128
1
1
1
1
0.451528
0.000773138
7.73959e-05
0.00262051
0.573452
1
1
1
1
1
1
1
1
0.133054
4.52692e-05
5.84185e-09
1.51809e-13
5.8913e-19
4.07737e-25
5.36308e-32
3.61751e-39
2.12473e-44
4.66157e-43
2.80074e-35
8.07853e-26
1.16725e-17
2.72485e-12
2.16534e-10
9.1356e-13
4.84418e-20
1.37058e-33
2.20213e-57
2.63473e-100
2.23635e-179
0
0
2.11305e-47
2.45238e-34
1.58836e-22
7.01461e-12
0.000836563
0.496912
0.983215
1
1
0.98553
1.01148e-05
2.8838e-13
2.70877e-24
1.14307e-40
1.12161e-70
1.06005e-143
0
2.8244e-171
3.92953e-93
5.7667e-56
1.73404e-36
6.28023e-23
9.85257e-13
1.00278e-05
0.512272
0.726222
0.731374
0.7269
0.581552
0.124791
0.196
0.825746
1
1
1
1
1
1
0.0275898
1.37327e-05
4.21845e-10
6.94233e-17
1.4811e-26
9.33011e-42
1.90758e-68
1.84611e-117
2.78252e-202
0
0
0
0
8.69092e-217
5.03652e-124
8.26244e-67
3.13398e-41
9.1911e-27
1.50504e-16
5.53992e-09
0.00143152
1
1
1
1
0.799456
0.0987293
0.39357
0.890491
1
1
1
1
1
1
1
0.936634
0.0297515
8.01957e-06
7.78117e-10
9.81944e-15
1.39666e-20
1.88677e-27
7.90058e-36
2.21042e-46
2.4365e-59
1.78649e-70
2.01383e-64
9.67068e-49
3.42159e-35
3.85174e-25
6.04406e-19
6.75335e-17
1.5181e-19
1.91374e-27
3.15466e-42
2.83692e-68
2.76457e-114
1.51805e-194
0
0
3.94672e-46
2.31346e-33
9.71347e-22
2.71359e-11
0.00138529
0.54718
0.973284
1
1
0.971699
2.39657e-05
1.48459e-12
3.01891e-23
3.46034e-39
5.29545e-68
4.57757e-137
0
2.44565e-211
8.31185e-114
4.34592e-66
3.24256e-42
4.93513e-27
6.45754e-16
4.24437e-08
0.00745332
0.65401
0.740722
0.758096
0.717226
0.628831
0.780043
1
1
1
1
1
1
0.0980358
3.89458e-05
3.36936e-09
4.5702e-15
2.677e-23
1.28973e-35
2.69519e-56
1.20705e-93
3.72998e-160
1.70523e-276
0
0
0
1.64586e-252
3.73804e-148
1.25608e-90
6.72186e-55
9.12186e-36
1.4638e-23
1.61856e-14
7.53421e-08
0.00596269
1
1
1
1
1
0.936017
1
1
1
1
1
1
1
1
0.755819
0.00411836
8.65733e-07
6.62802e-11
5.6548e-16
4.47472e-22
1.67853e-29
5.50386e-39
6.2437e-52
3.92612e-70
3.53267e-95
1.16709e-111
3.48289e-82
5.3856e-57
1.50494e-39
8.31276e-28
7.81434e-21
2.30683e-18
1.39821e-20
5.82547e-28
5.72682e-42
3.86398e-66
7.53628e-107
3.84784e-172
8.671e-282
0
5.03511e-44
8.52106e-32
1.61944e-20
2.06023e-10
0.00326663
0.743985
0.958847
0.981973
0.988431
0.966611
4.70951e-05
5.45342e-12
2.08686e-22
5.55088e-38
7.65213e-66
3.70809e-132
0
9.58344e-272
1.01756e-140
1.21809e-78
7.10644e-48
1.03557e-30
7.99336e-19
2.70964e-10
0.000133858
0.483538
0.740541
0.813863
0.871935
0.923961
1
1
1
1
1
1
0.233143
6.10945e-05
5.64068e-09
2.20737e-14
1.02912e-21
3.41644e-32
7.53913e-49
8.31399e-78
1.77078e-129
1.70888e-219
0
0
0
1.12589e-234
2.3369e-153
2.75128e-99
1.03163e-64
1.24048e-42
4.30616e-29
2.59353e-19
1.04856e-11
5.06213e-06
0.121094
1
1
1
1
1
1
1
1
1
1
1
1
1
0.573963
0.000290018
4.36138e-08
2.63135e-12
1.87516e-17
1.1486e-23
2.01538e-31
7.74721e-42
1.24837e-56
2.15299e-78
6.74088e-111
1.24776e-149
2.54027e-116
1.24296e-76
6.93919e-52
2.56591e-35
5.64729e-24
6.21585e-17
7.19394e-14
7.96999e-15
3.14308e-20
4.4079e-31
6.48839e-50
2.98813e-82
1.05679e-135
7.30654e-230
0
6.46549e-41
1.67712e-29
9.02441e-19
3.31614e-09
0.0123608
0.870185
0.945937
0.962057
0.96469
0.963184
6.67601e-05
1.15995e-11
6.67185e-22
3.06021e-37
1.69827e-64
1.47796e-129
0
0
6.64238e-174
6.46108e-90
1.95306e-51
7.17731e-33
1.24924e-20
9.80473e-12
1.01952e-05
0.171265
0.758661
0.902243
0.96896
1
1
1
1
1
1
0.367071
7.2077e-05
4.76108e-09
2.32608e-14
2.91959e-21
1.0837e-30
6.20391e-45
1.4429e-68
5.00853e-110
3.60049e-180
1.66768e-308
0
4.02828e-302
6.84976e-196
5.02465e-137
2.10063e-94
4.62271e-65
3.15336e-45
8.59415e-32
2.96039e-22
1.37633e-14
1.93919e-08
0.00144497
1
1
1
1
1
1
1
1
1
1
1
1
0.722303
0.0351364
8.08818e-06
7.80237e-10
3.05923e-14
1.97749e-19
1.23028e-25
1.46679e-33
1.68067e-44
7.50595e-61
1.07608e-85
5.40952e-124
1.84384e-177
2.82606e-159
5.04071e-96
2.24946e-62
5.88887e-42
8.9546e-28
2.05388e-17
1.81166e-10
5.80526e-07
4.29714e-07
2.4451e-11
1.57179e-20
1.11413e-36
1.62327e-64
4.84235e-111
1.3832e-195
0
8.03903e-37
1.78387e-26
1.59058e-16
1.0639e-07
0.071594
0.870663
0.935507
0.942753
0.942835
0.941153
5.88792e-05
1.16761e-11
7.44358e-22
3.7524e-37
2.77164e-64
8.72104e-130
0
0
2.38302e-183
2.55097e-89
8.78951e-51
1.13905e-32
9.56272e-21
6.00831e-12
7.85545e-06
0.309618
0.930073
1
1
1
1
1
1
1
0.556916
9.89769e-05
4.25025e-09
1.80703e-14
2.64592e-21
3.02727e-30
3.06648e-43
6.02228e-64
9.14584e-99
5.57721e-158
8.33744e-269
0
5.75707e-230
2.7326e-161
5.09326e-114
5.71809e-81
2.52044e-58
1.44153e-42
2.52656e-31
6.3682e-23
6.00565e-16
5.97576e-10
5.50114e-05
1
1
1
1
1
1
1
1
1
1
1
0.778222
0.383173
0.000466363
6.9935e-08
3.56204e-12
7.33029e-17
3.75691e-22
2.37841e-28
2.68982e-36
1.65233e-47
1.23646e-64
8.92344e-92
2.9743e-134
6.21199e-184
2.2439e-151
1.94664e-111
2.41095e-74
1.41348e-49
2.28639e-33
2.42382e-21
5.02619e-12
1.89544e-05
0.0814467
0.175977
5.85944e-05
3.70563e-13
8.54249e-28
9.45707e-53
1.93573e-94
4.24249e-172
0
5.80057e-32
7.62591e-23
7.09752e-14
5.77866e-06
0.321007
0.877095
0.927979
0.925273
0.923026
0.918951
2.88686e-05
4.73788e-12
2.36874e-22
7.34434e-38
1.60129e-65
2.53025e-133
0
7.10659e-319
1.72745e-150
3.6186e-78
1.25243e-46
2.15467e-30
2.89733e-19
6.0225e-11
6.38971e-05
0.620272
1
1
1
1
1
1
1
0.756015
0.000395091
1.02325e-08
3.36319e-14
3.73365e-21
6.00962e-30
2.21942e-42
1.17968e-61
4.2155e-93
4.51113e-146
5.43624e-241
2.61973e-270
3.42336e-186
5.37191e-132
2.49979e-93
4.07385e-67
1.9042e-49
2.98809e-37
1.99072e-28
1.47493e-21
1.12822e-15
2.30087e-10
9.59134e-06
0.156779
1
1
1
1
1
1
1
1
1
0.753176
0.42892
0.00977385
2.21092e-06
1.59469e-10
3.67879e-15
3.02128e-20
9.07241e-26
4.40926e-32
3.69813e-40
1.32442e-51
3.77341e-69
2.93901e-97
1.8553e-141
1.81139e-157
9.34051e-116
5.56402e-88
4.18825e-68
4.08564e-51
6.52262e-37
1.25995e-25
2.92229e-16
1.49889e-08
0.00638267
0.503812
1
0.212352
1.12399e-08
3.61866e-22
3.65883e-45
1.85014e-83
3.45906e-156
0
9.56815e-27
7.62049e-19
5.96047e-11
0.000509488
0.794963
0.88849
0.922735
0.91078
0.904259
0.306874
7.33848e-06
6.9788e-13
1.93905e-23
1.92054e-39
1.56917e-68
1.1638e-140
0
4.84564e-237
6.36851e-122
3.28122e-66
2.56551e-41
4.4933e-27
8.11757e-17
3.62263e-09
0.00278855
0.894283
1
1
1
1
1
1
0.895919
0.014205
1.64642e-07
4.48088e-13
4.18192e-20
6.38655e-29
6.70121e-41
1.53487e-59
1.95886e-89
4.35156e-139
4.87206e-222
4.25078e-205
1.40236e-149
1.37307e-106
2.37585e-76
9.99879e-56
1.2621e-41
7.76834e-32
1.12913e-24
5.64173e-19
4.47773e-14
1.05824e-09
9.65419e-06
0.06605
1
1
1
1
1
1
1
1
1
0.551797
0.0587111
0.000165148
9.28727e-09
1.82781e-13
1.16607e-18
2.72249e-24
3.14424e-30
6.37878e-37
1.92e-45
1.54261e-57
7.54633e-76
3.11287e-104
4.50191e-147
2.98316e-137
2.09489e-97
1.09695e-71
2.7701e-55
4.25587e-44
6.1472e-35
1.31703e-26
5.72979e-19
3.99725e-12
2.34237e-06
0.0435068
0.711154
1
1
1.5364e-06
4.18583e-19
9.47104e-41
9.97411e-77
4.47033e-146
1.09958e-317
1.46141e-21
9.5542e-15
6.75744e-08
0.0207931
0.828376
0.903423
0.918437
0.899285
0.885336
0.0557935
8.61461e-07
3.24357e-14
3.56779e-25
6.02879e-42
1.16557e-73
2.21603e-152
0
1.53397e-188
2.88158e-99
2.96488e-56
3.40696e-36
1.60736e-23
4.84533e-14
5.08097e-07
0.290277
1
1
1
1
1
1
1
0.611058
3.43769e-05
5.57007e-11
7.21083e-18
1.57661e-26
9.01801e-38
3.57288e-55
2.94617e-84
8.52984e-132
6.88391e-199
2.2676e-163
8.21648e-120
2.25945e-86
5.14844e-63
7.4552e-47
1.70439e-35
2.58935e-27
4.28264e-21
4.61597e-16
7.21384e-12
2.49223e-08
4.56043e-05
0.0973023
1
1
1
1
1
1
1
1
1
0.556539
0.0225049
1.98115e-05
1.68368e-10
4.47002e-16
4.03375e-22
1.47623e-28
3.49282e-35
1.49237e-42
8.21898e-52
9.66642e-65
2.1645e-83
2.06036e-107
1.89208e-117
9.4117e-103
1.12024e-80
2.21847e-61
3.08553e-47
2.83403e-37
5.73633e-30
8.41528e-24
4.11757e-18
7.30364e-13
2.59732e-08
0.000132074
0.0735118
0.737068
1
1
4.28504e-06
5.18249e-18
8.3943e-39
2.15656e-73
7.87386e-141
8.50207e-311
1.10415e-16
8.27735e-11
5.7523e-05
0.414445
0.868671
0.920766
0.914435
0.889682
0.866038
0.00494652
3.73617e-08
3.82775e-16
1.10077e-27
1.46496e-45
2.54743e-81
2.97836e-169
4.96656e-286
2.44979e-151
1.65057e-81
2.27411e-48
1.3854e-31
4.50274e-20
2.4913e-11
9.81312e-05
0.875848
1
1
1
1
1
1
1
0.0527227
5.92669e-08
1.12723e-14
5.78303e-23
2.48224e-33
5.90694e-48
4.11516e-74
2.1189e-120
1.57345e-169
4.05623e-132
7.31863e-97
3.88614e-71
5.43225e-53
3.76151e-40
8.06865e-31
1.03453e-23
4.90657e-18
2.15012e-13
1.08922e-09
1.02947e-06
0.000614684
0.465009
1
1
1
1
1
1
1
1
1
0.728645
0.0416486
3.43654e-05
7.08282e-11
2.582e-17
3.08153e-24
1.71675e-31
1.23404e-38
8.09192e-46
2.46464e-53
1.6428e-60
5.27871e-65
3.98428e-65
1.08726e-62
2.11608e-59
7.49539e-55
2.78271e-48
2.59425e-40
1.57915e-32
9.80758e-26
5.48643e-20
4.53538e-15
6.7363e-11
1.82215e-07
8.68354e-05
0.00800747
0.18877
0.802557
1
0.616175
9.94237e-07
2.39373e-18
1.00465e-38
8.34408e-73
4.74136e-140
1.52414e-309
2.62005e-12
3.14552e-07
0.0126914
0.824223
0.915464
0.940476
0.913111
0.880832
0.847011
0.000171476
4.0896e-10
8.86405e-19
3.93471e-31
8.58183e-51
4.27691e-92
2.40975e-192
3.26708e-225
1.25051e-121
1.12181e-67
5.2114e-42
2.07742e-27
8.67361e-17
9.50801e-09
0.0216412
1
1
1
1
1
1
1
0.715823
0.000409888
6.14681e-11
1.00086e-18
2.66484e-28
1.51206e-40
4.35956e-60
2.24968e-99
3.61878e-137
1.6955e-106
1.9156e-79
9.62296e-60
1.63093e-45
4.16574e-35
3.53718e-27
8.65127e-21
1.72079e-15
3.47749e-11
7.75865e-08
4.13492e-05
0.0152625
1
1
1
1
1
1
1
1
1
1
1
0.183291
0.000228562
1.13627e-09
2.93696e-16
2.48598e-23
2.30338e-30
1.15668e-36
1.27124e-41
8.21014e-45
5.50648e-46
2.26657e-45
8.02637e-44
4.29786e-42
2.18847e-40
1.50041e-38
4.34683e-36
1.87502e-32
1.21795e-27
3.09375e-22
6.04421e-17
3.13684e-12
2.19803e-08
2.15349e-05
0.00347811
0.0886685
0.435355
0.953201
1
1
0.0532252
5.54301e-08
9.29776e-20
3.82812e-40
1.15985e-74
1.25542e-143
3.78057e-314
1.65498e-08
0.000338054
0.453365
0.896902
0.96344
0.960164
0.915721
0.870529
0.0696589
1.76055e-06
6.77391e-13
2.55469e-22
9.02969e-36
2.04972e-58
6.70601e-107
1.23399e-222
1.53885e-177
6.6944e-98
6.40387e-57
1.37774e-36
1.58644e-23
1.1379e-13
3.40118e-06
0.924852
1
1
1
1
1
1
1
0.297975
1.1424e-06
2.8483e-14
3.41157e-23
5.34904e-34
1.56378e-48
1.35216e-74
2.09622e-104
2.31223e-86
2.08145e-66
2.78097e-51
6.05019e-40
3.04797e-31
3.40468e-24
2.7383e-18
2.40672e-13
2.16346e-09
2.97249e-06
0.00157338
0.557753
1
1
1
1
1
1
1
1
1
1
1
0.474657
0.00270903
1.95695e-07
3.67618e-13
3.01499e-19
5.85199e-25
1.28251e-29
1.46323e-32
1.03938e-33
1.94766e-33
2.2884e-32
5.00858e-31
1.08857e-29
2.03288e-28
3.43511e-27
7.15208e-26
3.86957e-24
1.20412e-21
2.74643e-18
2.62572e-14
2.88179e-10
1.23597e-06
0.00131224
0.224989
1
1
1
1
1
1
0.00247215
7.31471e-10
4.05475e-22
5.97545e-43
4.07696e-79
1.0871e-151
0
2.58677e-05
0.0443948
0.881014
0.962508
1
0.9764
0.91917
0.857129
0.000660689
3.78717e-09
1.26305e-16
5.39646e-27
4.03348e-42
2.07072e-69
4.72815e-127
2.94572e-212
3.07126e-139
3.27088e-79
2.0756e-48
1.19177e-31
9.03321e-20
1.15865e-10
0.00138891
1
1
1
1
1
1
1
0.967223
0.0210008
1.33284e-09
3.94153e-18
3.63741e-28
2.89507e-40
3.60803e-57
8.75247e-77
4.99703e-71
1.33012e-56
5.868e-45
1.11651e-35
4.83221e-28
1.4595e-21
5.10561e-16
1.86911e-11
8.64668e-08
0.00010938
0.0704724
1
1
1
1
1
1
1
1
1
1
1
1
0.745864
0.0295487
7.35272e-05
5.00067e-09
2.6418e-13
3.76727e-17
4.44162e-20
7.23855e-22
1.63858e-22
2.52679e-22
1.22077e-21
9.32611e-21
7.80524e-20
6.18265e-19
4.60951e-18
3.55344e-17
3.43e-16
6.13909e-15
2.95551e-13
4.62966e-11
2.06376e-08
1.60143e-05
0.0102779
0.970346
1
1
1
1
1
0.8587
0.0681943
2.36573e-05
1.07689e-12
1.34774e-25
1.79941e-47
1.28319e-86
1.13498e-164
0
0.00632229
0.641171
0.947724
1
1
0.984593
0.915876
0.0941398
1.53121e-06
1.01132e-12
2.34046e-21
5.02314e-33
5.78651e-51
4.17831e-85
1.69554e-154
4.88626e-172
2.59122e-108
1.7137e-64
2.78435e-41
6.37754e-27
4.74912e-16
1.16229e-07
0.677988
1
1
1
1
1
1
1
0.68013
0.000160006
5.44792e-13
1.27588e-22
1.05675e-33
3.02317e-46
2.10931e-58
3.82694e-59
1.4187e-49
3.74901e-40
4.23418e-32
4.19875e-25
5.10561e-19
7.61919e-14
1.34918e-09
4.75971e-06
0.00663926
0.919846
1
1
1
1
1
1
1
1
1
1
1
1
0.952265
0.220603
0.00657263
4.97725e-05
1.95825e-07
1.71391e-09
5.63784e-11
6.80273e-12
2.51161e-12
2.36945e-12
4.02508e-12
1.00295e-11
2.95008e-11
9.19358e-11
2.92512e-10
9.58955e-10
3.46198e-09
1.47688e-08
8.39324e-08
7.42616e-07
1.30168e-05
0.000502418
0.0373318
0.944363
0.990913
1
1
1
1
0.237769
0.0171146
0.000186677
1.17042e-08
6.89146e-17
1.22048e-30
2.07852e-54
5.83387e-98
2.66978e-183
0
0.206549
0.927965
0.993305
1
1
0.978467
0.89773
0.000294318
7.58326e-10
2.71068e-17
3.41508e-27
8.47344e-41
2.43526e-63
2.79539e-107
1.96873e-170
1.74031e-131
1.7079e-83
1.3551e-52
9.69083e-35
3.46133e-22
2.4201e-12
0.000133154
1
1
1
1
1
1
1
1
0.16516
1.95544e-07
7.38325e-17
1.76763e-27
2.23612e-38
3.35716e-47
8.98048e-50
2.54551e-44
2.86989e-36
8.65701e-29
3.47029e-22
1.95535e-16
1.33235e-11
1.51761e-07
0.000548263
0.819151
1
1
1
1
1
1
1
1
1
1
1
1
1
1
0.800255
0.185539
0.0392484
0.00717401
0.00176128
0.000753622
0.000457796
0.000346578
0.000293629
0.000294892
0.000355344
0.000525961
0.000853666
0.00152944
0.00285827
0.00561256
0.0111698
0.0241699
0.0535195
0.115587
0.286195
0.797308
0.929865
0.952131
0.97241
0.985224
0.979461
0.300228
0.00701561
0.000241178
5.51195e-06
1.34939e-08
8.96103e-14
7.82718e-23
6.13695e-38
8.07732e-65
1.86324e-114
1.32635e-208
0
0.917011
0.973624
1
1
1
0.952763
0.0414853
2.6611e-07
6.38209e-14
9.29699e-23
3.16805e-34
6.43891e-51
1.21909e-80
2.07375e-135
1.68131e-134
1.09694e-96
6.09131e-64
1.62803e-42
2.40577e-28
2.30901e-17
1.34455e-08
0.177688
1
1
1
1
1
1
1
0.974643
0.0108142
1.49881e-10
1.08166e-20
3.18652e-31
1.88879e-39
1.94756e-42
2.51444e-39
1.42393e-32
1.62718e-25
3.56376e-19
9.31774e-14
3.72472e-09
3.89077e-05
0.145296
0.992438
1
1
1
1
1
1
1
1
1
1
1
1
1
1
0.977338
0.844319
0.60406
0.522708
0.508096
0.521682
0.501561
0.511945
0.518387
0.525964
0.541383
0.557346
0.582717
0.617548
0.663829
0.726222
0.806603
0.865007
0.904889
0.939653
0.959684
0.963217
0.953822
0.940064
0.932303
0.926179
0.914305
0.0621314
0.000469942
3.55147e-06
3.52255e-08
2.292e-10
8.76918e-14
6.12804e-20
2.20123e-30
3.65877e-48
3.19842e-80
3.79943e-138
4.22478e-243
0
0.970402
1
1
1
0.985372
0.761736
9.63593e-05
8.29458e-11
9.2197e-19
4.55472e-29
1.14316e-42
3.18245e-64
4.37424e-104
2.22219e-124
1.94625e-97
1.70248e-70
7.59905e-49
1.45215e-33
5.56444e-22
1.62513e-12
8.61144e-05
1
1
1
1
1
1
1
1
0.653376
0.000190884
1.86778e-13
2.32433e-23
8.70575e-32
1.96344e-35
1.33562e-33
2.76733e-28
6.80851e-22
5.29802e-16
7.19562e-11
2.24424e-06
0.0211866
0.988889
1
1
1
1
1
1
1
1
1
1
1
1
1
1
1
0.969019
0.876755
0.779078
0.68674
0.608113
0.553389
0.528482
0.527914
0.543991
0.566157
0.591121
0.618397
0.647051
0.684186
0.725158
0.773773
0.823142
0.874654
0.92561
0.970981
1
1
1
0.974334
0.93291
0.895823
0.863476
0.0738322
0.00102075
4.36854e-06
1.69104e-08
8.07367e-11
3.44189e-13
8.72024e-17
2.08673e-23
4.48162e-35
9.86474e-56
2.59562e-93
6.67311e-158
2.5724e-267
0
1
1
1
0.99904
0.939138
0.0526171
1.58521e-07
1.21005e-14
4.48442e-24
4.00342e-36
6.85743e-53
1.34584e-81
1.58376e-107
2.91172e-90
1.82362e-69
1.26899e-51
6.94098e-37
2.42222e-25
1.00467e-15
1.06853e-07
0.564969
1
1
1
1
1
1
1
1
0.157334
1.02327e-06
2.95171e-15
5.22229e-23
2.81138e-27
1.06843e-26
9.09826e-23
1.39506e-17
2.36216e-12
1.48475e-07
0.00297532
1
1
1
1
1
1
1
1
1
1
1
1
1
1
1
1
1
0.998626
0.91146
0.821058
0.73339
0.659373
0.604623
0.573643
0.563728
0.568814
0.582496
0.598379
0.615445
0.635034
0.659754
0.697548
0.742977
0.796912
0.85051
0.90387
0.955447
0.999693
1
1
1
0.963957
0.903844
0.84974
0.520966
0.0417854
0.00111185
1.00477e-05
8.81513e-08
1.11668e-09
1.29606e-11
1.1999e-14
1.97639e-20
1.15967e-30
2.11472e-48
2.88533e-80
1.75693e-135
8.43379e-232
0
1
1
1
0.96863
0.537889
0.000716391
2.79653e-10
1.28207e-18
1.52563e-29
1.03408e-43
1.22599e-64
5.04553e-88
4.12198e-80
7.55534e-64
4.39413e-50
1.21973e-37
6.91937e-27
1.16648e-17
1.01786e-09
0.00590637
1
1
1
1
1
1
1
1
0.906526
0.0174269
3.03397e-08
1.4888e-14
1.59725e-18
6.84181e-19
2.4853e-16
2.3636e-12
5.37385e-08
0.000925771
1
1
1
1
1
1
1
1
1
1
1
1
1
1
1
1
1
1
1
0.983359
0.90027
0.81654
0.738337
0.674181
0.628949
0.604819
0.596788
0.600495
0.610641
0.62126
0.632926
0.646987
0.668526
0.703986
0.748596
0.801062
0.852375
0.900252
0.944866
0.981468
1
1
0.973336
0.920671
0.859404
0.802336
0.690266
0.397627
0.0521925
0.00205269
7.84461e-05
5.11679e-06
3.4735e-07
3.12526e-09
7.36389e-14
1.3965e-22
7.37204e-38
1.58409e-65
1.29038e-114
4.99586e-204
0
1
1
1
0.937253
0.159662
1.76252e-05
8.32212e-13
2.13403e-22
8.38544e-35
8.68033e-51
4.65807e-68
9.10555e-69
1.07527e-56
9.55672e-46
5.75237e-36
1.52162e-26
4.90762e-18
1.50899e-10
0.000539876
1
1
1
1
1
1
1
1
1
0.604315
0.00279744
6.38686e-08
5.15215e-11
1.55034e-11
9.48168e-10
1.08397e-06
0.00344369
1
1
1
1
1
1
1
1
1
1
1
1
1
1
1
1
1
1
1
1
1
0.985366
0.904882
0.824662
0.750019
0.686577
0.640147
0.613184
0.601608
0.601494
0.607472
0.613065
0.619328
0.62822
0.645553
0.678339
0.722705
0.775823
0.829029
0.876629
0.917972
0.947232
0.959155
0.948903
0.916027
0.870621
0.795468
0.726229
0.717717
0.739589
0.743934
0.458581
0.0483064
0.0133434
0.00569278
0.000407959
8.28298e-08
8.69351e-16
5.52868e-30
3.22667e-55
3.8709e-100
1.54461e-185
0
1
1
1
0.912987
0.062855
9.64207e-07
6.24344e-15
1.41895e-25
1.30471e-38
1.504e-51
1.93222e-56
1.20299e-49
1.10328e-40
1.3639e-32
1.16534e-24
5.20447e-17
4.06992e-10
0.000565957
1
1
1
1
1
1
1
1
1
1
0.235342
0.00256409
1.54679e-05
9.30281e-06
0.000370505
0.154204
1
1
1
1
1
1
1
1
1
1
1
1
1
1
1
1
1
1
1
1
1
1
1
0.981316
0.898236
0.816476
0.74174
0.676882
0.629538
0.60263
0.591942
0.59328
0.599052
0.605212
0.61207
0.62521
0.649735
0.68964
0.737535
0.786466
0.830621
0.866747
0.894146
0.908838
0.373155
0.0545963
0.0122042
0.00794916
0.0259618
0.356527
0.747862
0.843089
0.875531
0.85234
0.770917
0.570933
0.912789
1
0.0011149
4.06017e-11
7.93953e-25
1.11932e-48
5.0234e-91
1.55656e-174
0
1
1
1
0.904435
0.033404
1.48933e-07
2.70999e-16
4.8651e-27
5.06165e-38
1.64445e-44
8.07397e-43
7.75798e-36
1.40309e-28
1.18259e-21
6.30814e-15
1.18007e-08
0.00559816
1
1
1
1
1
1
1
1
1
1
0.951757
0.252513
0.0877615
0.0872272
1
1
1
1
1
1
1
1
1
1
1
1
1
1
1
1
1
1
1
1
1
1
1
1
1
1
0.954784
0.868684
0.787932
0.717827
0.656176
0.610636
0.585793
0.578217
0.584852
0.595861
0.609442
0.626204
0.651709
0.687761
0.730604
0.659386
0.227678
0.0644796
0.0149124
0.002679
0.000350587
3.70813e-05
4.87194e-06
1.76068e-06
3.98281e-06
7.47177e-05
0.00533963
0.355085
0.797771
0.871673
0.86121
0.802628
0.823636
1
1
0.189848
1.12136e-08
3.17073e-22
1.73911e-45
1.19148e-86
1.0948e-169
0
1
1
1
0.912795
0.0236391
7.63269e-08
1.74786e-16
6.04841e-26
2.57107e-33
5.74298e-35
7.22121e-31
2.04034e-24
4.62469e-18
4.35931e-12
1.89558e-06
0.308718
1
1
1
1
1
1
1
1
1
1
1
1
1
1
1
1
1
1
1
1
1
1
1
1
1
1
1
1
1
1
1
1
1
1
1
1
1
1
1
1
1
0.908885
0.825273
0.748357
0.681491
0.1695
0.0188092
0.00401429
0.00149952
0.000878708
0.000697099
0.000640551
0.000614479
0.000539193
0.000380983
0.000198358
7.56274e-05
2.14637e-05
4.80683e-06
8.28887e-07
9.65337e-08
6.56101e-09
3.02819e-10
2.11472e-11
8.88444e-12
6.58154e-11
6.42342e-09
1.65841e-06
0.000249081
0.00814718
0.0427062
0.0665074
0.187033
0.729064
1
1
0.337789
1.62481e-08
3.65161e-22
1.4031e-45
7.35698e-87
2.92758e-170
0
1
1
1
0.926353
0.020498
1.27022e-07
2.25888e-15
1.88683e-22
4.42872e-26
1.05746e-24
6.17855e-20
2.88078e-14
7.9403e-09
0.00101684
1
1
1
1
1
1
1
1
1
1
1
1
1
1
1
1
1
1
1
1
1
1
1
1
1
1
1
1
1
1
1
1
1
1
1
1
1
1
1
1
1
1
0.947855
0.85267
0.658993
0.00671511
9.82298e-05
2.50818e-06
1.1293e-07
1.06032e-08
2.42634e-09
1.34897e-09
1.42054e-09
2.03449e-09
2.91258e-09
3.13702e-09
2.08549e-09
7.8483e-10
1.72882e-10
2.52868e-11
2.8537e-12
2.48197e-13
1.36579e-14
4.00165e-16
7.86795e-18
3.02965e-19
1.40008e-19
2.8951e-18
1.37925e-15
1.85001e-12
1.03962e-09
9.37723e-08
1.71672e-06
1.87167e-05
0.000556062
0.0424761
0.789577
1
0.00409287
8.03152e-11
7.2174e-25
3.64596e-49
8.32808e-92
2.33874e-176
0
1
1
1
0.932369
0.0203627
8.24435e-07
8.05333e-13
5.36113e-17
1.13712e-17
7.90058e-15
2.99193e-10
2.25498e-05
1
1
1
1
1
1
1
1
1
1
1
1
1
1
1
1
1
1
1
1
1
1
1
1
1
1
1
1
1
1
1
1
1
1
1
1
1
1
1
1
1
1
1
0.975303
0.736885
0.00756704
2.68988e-05
1.28549e-07
5.74786e-10
2.25043e-12
1.26465e-14
2.25949e-16
2.02019e-17
8.41394e-18
1.01209e-17
1.90117e-17
3.27223e-17
3.38787e-17
1.67949e-17
3.67309e-18
3.95316e-19
2.59837e-20
1.26788e-21
4.60745e-23
1.01783e-24
1.06791e-26
6.16836e-29
7.41694e-31
3.28127e-31
4.09127e-29
2.21945e-25
1.77733e-21
3.65397e-18
1.55551e-15
2.70876e-13
5.44782e-11
2.52655e-08
1.51332e-05
0.00130979
0.000789365
1.48219e-07
6.36633e-16
9.35135e-31
9.5888e-57
4.71698e-102
4.95736e-189
0
1
1
1
0.928208
0.0249666
2.27949e-05
3.17522e-09
7.76504e-11
1.31762e-09
3.66098e-06
0.0716426
1
1
1
1
1
1
1
1
1
1
1
1
1
1
1
1
1
1
1
1
1
1
1
1
1
1
1
1
1
1
1
1
1
1
1
1
1
1
1
1
1
1
1
0.904733
0.0718562
9.57257e-05
1.7931e-07
2.83728e-10
1.85281e-13
5.17136e-17
1.1604e-20
4.25056e-24
6.79328e-27
1.11789e-28
2.02356e-29
1.96625e-29
3.63848e-29
5.57369e-29
3.96038e-29
9.46738e-30
6.71463e-31
1.60693e-32
1.75508e-34
1.18238e-36
5.54234e-39
1.43174e-41
1.17435e-44
2.61984e-48
1.29089e-51
9.65687e-52
7.42303e-47
4.50722e-40
2.52602e-34
6.10282e-30
2.3767e-26
6.27357e-23
2.98436e-19
2.3627e-15
6.64677e-12
5.76007e-10
1.13585e-10
4.26929e-15
2.88032e-24
1.52828e-40
2.20854e-69
5.38361e-119
3.06099e-210
0
1
1
1
0.925082
0.0465479
0.00186558
2.94494e-05
6.42412e-05
0.0183671
1
1
1
1
1
1
1
1
1
1
1
1
1
1
1
1
1
1
1
1
1
1
1
1
1
1
1
1
1
1
1
1
1
1
1
1
1
1
1
1
1
1
1
1
0.637623
0.0013845
1.32199e-06
1.27632e-09
5.20217e-13
5.81632e-17
1.94991e-21
1.88622e-26
5.91609e-32
1.10408e-37
7.14044e-43
1.67692e-46
3.02283e-48
1.1436e-48
1.28324e-48
9.91496e-49
2.04494e-49
5.85944e-51
1.50978e-53
3.09905e-57
6.12685e-62
1.70807e-67
8.74974e-74
6.62682e-81
4.33431e-89
2.95353e-98
1.60988e-105
2.59282e-101
1.65737e-82
2.14026e-66
2.2712e-55
1.23278e-47
1.29016e-41
4.05622e-36
1.50558e-30
2.81387e-25
3.05771e-21
2.0261e-19
9.22532e-21
3.90848e-26
8.34306e-37
8.60522e-56
2.90501e-89
2.22813e-145
2.47098e-243
0
1
1
0.994651
0.944676
0.162109
0.0896601
0.27358
1
1
1
1
1
1
1
1
1
1
1
1
1
1
1
1
1
1
1
1
1
1
1
1
1
1
1
1
1
1
1
1
1
1
1
1
1
1
1
1
1
1
1
1
0.922102
0.026972
1.72996e-05
1.28266e-08
5.60021e-12
5.94437e-16
1.42014e-20
6.97944e-26
3.29834e-32
5.01912e-40
7.0342e-50
6.99958e-62
7.72242e-75
2.07478e-85
1.99633e-91
6.90374e-94
5.47816e-95
2.34241e-96
6.20711e-99
2.73806e-103
8.67779e-110
1.17559e-118
4.7471e-130
4.86606e-144
1.41839e-160
1.38248e-179
1.09389e-200
5.36161e-222
3.87527e-230
3.53664e-176
5.55517e-140
3.45828e-115
4.41081e-97
9.43731e-82
9.24693e-67
1.17588e-52
5.9822e-41
1.76871e-32
1.77697e-27
2.806e-26
2.1551e-29
1.7275e-37
3.54829e-52
3.91045e-77
4.61123e-119
9.0522e-186
6.87111e-296
0
1
1
1
1
1
1
1
1
1
1
1
1
1
1
1
1
1
1
1
1
1
1
1
1
1
1
1
1
1
1
1
1
1
1
1
1
1
1
1
1
1
1
1
1
1
1
1
1
1
1
0.580077
0.000230378
1.14148e-07
5.5917e-11
9.49397e-15
3.22432e-19
2.03081e-24
1.21979e-30
1.53493e-38
2.72572e-49
3.73331e-64
1.11829e-84
4.54058e-112
2.27475e-145
2.55991e-183
1.90765e-222
2.2043e-243
1.7741e-247
2.83702e-247
2.64359e-248
6.55687e-252
1.3776e-258
9.27113e-269
5.7092e-283
3.85178e-302
0
0
0
0
0
5.10203e-317
2.29575e-260
2.66535e-217
1.68222e-159
3.37806e-108
5.72736e-74
3.4491e-52
5.01163e-38
4.46938e-29
2.33998e-24
1.11883e-23
2.39134e-27
4.52259e-36
1.15672e-51
3.41067e-78
6.69509e-123
1.84802e-195
5.92879e-323
0
1
1
1
1
1
1
1
1
1
1
1
1
1
1
1
1
1
1
1
1
1
1
1
1
1
1
1
1
1
1
1
1
1
1
1
1
1
1
1
1
1
1
1
1
1
1
1
1
0.957391
0.00548466
1.1452e-06
3.4224e-10
7.82363e-14
5.03598e-18
6.78769e-23
1.17186e-28
5.53789e-36
5.41158e-46
3.27857e-60
9.57253e-81
3.06041e-110
3.84905e-150
1.3402e-204
5.55396e-274
2.47208e-236
1.95387e-203
3.0447e-180
5.3995e-165
3.56685e-156
9.27615e-153
4.01751e-154
3.15694e-160
9.71121e-172
5.00089e-190
1.25774e-217
7.71891e-261
0
0
0
0
0
0
1.14282e-216
1.06435e-127
8.60143e-82
1.40103e-54
9.73218e-38
1.13719e-26
1.69366e-19
1.27216e-15
6.06681e-15
8.47594e-18
6.95972e-25
1.1551e-37
1.92147e-59
1.46494e-96
7.81022e-159
5.15671e-272
0
1
1
1
1
1
1
1
1
1
1
1
1
1
1
1
1
1
1
1
1
1
1
1
1
1
1
1
1
1
1
1
1
1
1
1
1
1
1
1
1
1
1
1
1
1
1
1
0.257206
2.51812e-05
2.97874e-09
4.08427e-13
3.03839e-17
7.08775e-22
3.93138e-27
1.39936e-33
2.93118e-42
1.11652e-54
7.29998e-73
7.22791e-100
6.56926e-140
8.45632e-196
7.81935e-248
3.35774e-201
2.2527e-166
8.33584e-140
9.34038e-120
5.06361e-105
1.06552e-94
3.33935e-88
2.94422e-85
7.42669e-86
3.50347e-90
9.28346e-99
9.3008e-113
2.17516e-134
9.06623e-168
7.13411e-221
0
0
0
0
9.25573e-310
3.26309e-179
1.03706e-101
7.07506e-63
5.41458e-41
3.96064e-27
1.31944e-17
3.69759e-11
1.90797e-07
1.49229e-06
8.16714e-09
6.44028e-15
5.38673e-26
1.25101e-44
1.78208e-76
5.34984e-131
7.3443e-235
0
1
1
1
1
1
1
1
1
1
1
1
1
1
1
1
1
1
1
1
1
1
1
1
1
1
1
1
1
1
1
1
1
1
1
1
1
1
1
1
1
1
1
1
1
1
0.976237
0.00131778
5.76048e-08
3.18859e-12
1.49322e-16
3.19092e-21
2.68717e-26
4.34521e-32
1.82141e-39
7.37955e-50
3.73611e-65
5.68517e-88
3.03555e-122
3.70234e-172
1.16387e-244
7.39027e-191
8.05966e-148
2.832e-117
4.45245e-95
6.42362e-79
4.2268e-67
1.7908e-58
2.5533e-52
3.10733e-48
4.0588e-46
3.21609e-46
5.17273e-49
4.49688e-55
2.33679e-65
1.10595e-81
3.2585e-107
5.607e-146
1.0578e-204
2.21068e-315
0
1.04311e-312
1.76778e-210
3.9504e-131
4.02773e-79
2.9011e-49
1.03697e-31
5.60157e-20
1.15137e-11
5.43602e-06
0.0164025
0.231388
0.00560209
3.84677e-08
4.54026e-18
9.46359e-35
4.66596e-63
4.51835e-112
5.87562e-210
0
1
1
1
1
1
1
1
1
1
1
1
1
1
1
1
1
1
1
1
1
1
1
1
1
1
1
1
1
1
1
1
1
1
1
1
1
1
1
1
1
1
1
1
1
0.164483
3.8681e-06
6.81836e-11
1.23437e-15
1.49214e-20
9.75926e-26
2.61596e-31
6.61417e-38
1.22731e-46
3.44795e-59
6.62183e-78
3.22394e-106
1.58573e-148
4.96336e-205
1.19792e-235
9.26961e-160
2.41669e-116
1.14637e-87
2.38652e-68
5.40613e-55
1.67677e-45
1.50008e-38
3.04749e-33
4.47789e-29
5.42054e-26
3.4855e-24
5.96753e-24
8.90685e-26
3.42994e-30
6.48277e-38
2.47839e-50
4.53768e-70
6.16309e-101
1.82298e-147
4.00547e-228
9.6186e-271
8.95301e-192
1.2069e-132
1.41253e-89
1.86664e-58
3.82775e-38
1.08151e-24
4.67786e-15
3.6233e-08
0.00165289
0.376669
0.878707
0.968362
0.000241115
3.02776e-13
1.2187e-28
1.36487e-54
8.52088e-100
4.69141e-194
0
1
1
1
1
1
1
1
1
1
1
1
1
1
1
1
1
1
1
1
1
1
1
1
1
1
1
1
1
1
1
1
1
1
1
1
1
1
1
1
1
1
1
0.972692
0.000693933
6.14491e-09
3.86234e-14
1.74762e-19
4.69427e-25
8.52178e-31
5.4603e-37
1.21676e-44
2.67622e-55
8.94496e-71
8.55851e-94
9.27063e-129
2.56021e-178
9.9164e-262
1.23416e-226
3.10745e-147
2.60878e-101
8.58206e-73
1.85777e-54
4.24123e-42
1.94648e-33
4.16804e-27
3.23814e-22
2.93963e-18
5.09228e-15
1.74644e-12
7.49918e-11
1.73375e-10
7.41801e-12
1.86808e-15
8.26846e-22
7.16386e-32
8.90697e-48
2.14872e-73
4.08326e-114
4.4845e-183
2.609e-155
5.62925e-114
1.06116e-81
8.19787e-59
1.87352e-41
1.46538e-28
8.58204e-19
2.34232e-11
4.72173e-06
0.0103314
0.649019
0.965547
1
0.00707592
5.40645e-11
1.58761e-25
5.4044e-50
1.01038e-92
4.15678e-185
0
1
1
1
1
1
1
1
1
1
1
1
1
1
1
1
1
1
1
1
1
1
1
1
1
1
1
1
1
1
1
1
1
1
1
1
1
1
1
1
1
1
0.25072
2.44077e-06
6.08195e-12
9.81827e-18
9.56778e-24
6.16644e-30
2.66702e-36
1.9796e-43
1.62363e-52
1.63886e-65
8.69303e-85
1.82437e-113
2.56044e-154
4.45922e-210
0
2.61414e-236
1.20451e-149
4.81717e-99
4.52173e-68
1.19321e-48
7.42775e-36
6.57995e-27
2.2557e-20
1.88338e-15
1.18192e-11
1.02935e-08
2.17838e-06
0.00017561
0.00451221
0.0117959
0.00104887
9.08311e-07
1.95834e-12
2.925e-21
7.45459e-35
5.18331e-57
3.38714e-90
1.14612e-92
2.71409e-77
3.53398e-62
7.27142e-49
7.4589e-38
1.65775e-28
2.41097e-20
2.47749e-13
7.12734e-08
0.000289447
0.0342918
0.562052
0.986165
1
0.00501602
1.02826e-10
8.72301e-25
1.65499e-48
3.90427e-90
5.60392e-182
0
1
1
1
1
1
1
1
1
1
1
1
1
1
1
1
1
1
1
1
1
1
1
1
1
1
1
1
1
1
1
1
1
1
1
1
1
1
1
1
1
0.00480396
1.01799e-08
6.10864e-15
1.70531e-21
2.73616e-28
4.15305e-35
4.19432e-42
2.9242e-50
3.98493e-61
1.20682e-76
1.04223e-99
1.84139e-132
8.52911e-170
1.58896e-215
5.53345e-215
3.29066e-210
1.46292e-161
2.65805e-106
1.47573e-70
1.69277e-48
3.33118e-34
3.13812e-24
6.16859e-17
1.49851e-11
1.03404e-07
4.87966e-05
0.00395583
0.11374
1
1
1
1
0.0145646
1.01288e-07
7.70116e-16
7.30941e-28
4.59012e-45
1.15318e-54
6.26756e-49
2.40812e-42
2.23209e-36
1.36865e-30
8.232e-25
5.99586e-19
3.20728e-13
3.20986e-08
0.000143754
0.0224615
0.215281
0.736788
0.948522
1
0.000321613
6.0508e-12
6.45269e-26
1.63864e-49
1.0078e-91
2.25487e-184
0
1
1
1
1
1
1
1
1
1
1
1
1
1
1
1
1
1
1
1
1
1
1
1
1
1
1
1
1
1
1
1
1
1
1
1
1
1
1
0.732875
8.34363e-05
7.3941e-11
1.25049e-17
6.49137e-25
2.28878e-32
1.40398e-39
1.28574e-46
3.53773e-54
6.85271e-63
3.37769e-71
2.9634e-75
9.56526e-75
3.14121e-73
5.14386e-72
4.25096e-71
2.44182e-70
1.68688e-69
7.58327e-68
1.76966e-61
5.54646e-48
1.24583e-34
4.12518e-24
5.3241e-16
5.83088e-10
8.13135e-06
0.00472446
0.271751
0.963365
1
1
1
1
1
0.0368901
8.11822e-07
5.13512e-14
2.19819e-23
3.46427e-32
2.31739e-33
5.6641e-30
1.79333e-26
4.66183e-23
1.71198e-19
1.08723e-15
1.30955e-11
1.36924e-07
0.000314562
0.0847447
0.986627
0.965827
0.902743
0.875363
0.0538761
4.72062e-06
2.28885e-14
1.22933e-28
9.04915e-53
2.21402e-97
9.24777e-193
0
1
1
1
1
1
1
1
1
1
1
1
1
1
1
1
1
1
1
1
1
1
1
1
1
1
1
1
1
1
1
1
1
1
1
1
1
1
0.163713
3.43857e-06
1.97448e-12
1.72596e-19
4.6814e-27
1.77048e-34
6.46275e-41
4.31659e-46
5.69166e-50
3.38494e-52
3.35783e-52
1.70875e-50
1.91737e-48
1.00264e-46
2.20054e-45
2.51922e-44
1.74021e-43
7.75046e-43
2.6693e-42
1.65004e-41
7.19041e-39
1.20622e-32
1.63268e-24
1.2022e-16
4.24326e-10
2.13529e-05
0.0310986
0.886542
0.964327
0.988476
0.946205
0.449208
0.114182
0.0397634
0.00770488
6.85804e-05
8.67839e-09
2.60287e-14
4.60359e-20
4.95041e-23
8.54384e-22
3.93816e-19
1.31674e-16
3.20862e-14
8.84263e-12
3.22543e-09
1.50106e-06
0.00070376
0.157713
1
1
0.982099
0.874615
0.33462
0.00104932
1.28103e-08
7.71761e-18
8.14193e-33
1.93367e-58
2.50188e-107
3.92972e-208
0
1
1
1
1
1
1
1
1
1
1
1
1
1
1
1
1
1
1
1
1
1
1
1
1
1
1
1
1
1
1
1
1
1
1
1
1
0.0375691
6.83227e-07
7.75475e-13
1.2403e-19
1.04506e-26
4.04601e-33
6.4458e-38
1.19796e-40
1.64734e-41
9.65077e-41
7.40746e-39
1.24444e-36
1.34021e-34
7.141e-33
1.85116e-31
2.4289e-30
1.85914e-29
9.11628e-29
2.81246e-28
6.05707e-28
1.84005e-27
6.63607e-26
2.85048e-22
6.01654e-17
3.76602e-11
3.52079e-06
0.0165233
0.79824
0.925962
0.949419
0.912427
0.193256
0.00200712
2.46306e-05
8.82071e-07
4.5552e-08
8.67026e-10
2.70985e-12
4.06848e-15
7.97296e-17
3.41459e-16
5.50135e-14
1.29666e-11
1.33101e-09
5.82859e-08
1.6605e-06
5.49103e-05
0.00280644
0.161647
0.959622
1
0.95779
0.858781
0.384077
0.00775453
4.17099e-06
3.97332e-12
2.48769e-22
1.49179e-38
5.6516e-67
3.43717e-122
7.02844e-232
0
1
1
1
1
1
1
1
1
1
1
1
1
1
1
1
1
1
1
1
1
1
1
1
1
1
1
1
1
1
1
1
1
1
1
1
0.0136649
1.32764e-06
1.60746e-11
4.6343e-17
1.34678e-22
3.69577e-27
4.75034e-30
3.24154e-31
5.57381e-31
9.33859e-30
5.55148e-28
4.27797e-26
2.37225e-24
7.847e-23
1.51923e-21
1.72662e-20
1.17595e-19
5.16241e-19
1.58265e-18
3.41768e-18
5.51472e-18
1.13226e-17
1.01712e-16
1.4395e-14
3.58687e-11
3.0995e-07
0.00119755
0.517932
0.849762
0.909776
0.834904
0.234518
0.000933643
8.09429e-07
5.38494e-10
1.93272e-12
8.97516e-14
2.61846e-14
2.17324e-14
6.57423e-14
1.51588e-12
2.03816e-10
3.41956e-08
2.54585e-06
7.91458e-05
0.00120663
0.0112764
0.0885314
0.649626
0.86391
0.871595
0.850354
0.796145
0.180829
0.00899256
5.56138e-05
6.43727e-09
5.62936e-16
2.48174e-27
8.52995e-46
5.09776e-79
6.77769e-143
5.05694e-266
0
1
1
1
1
1
1
1
1
1
1
1
1
1
1
1
1
1
1
1
1
1
1
1
1
1
1
1
1
1
1
1
1
1
0.976696
0.0199837
3.52861e-05
1.78981e-08
5.0485e-12
2.26431e-15
6.01103e-18
1.91194e-19
6.06397e-20
1.14582e-19
7.18524e-19
9.3894e-18
1.65661e-16
2.74432e-15
3.62079e-14
3.5858e-13
2.45002e-12
1.13783e-11
3.72028e-11
8.77771e-11
1.59425e-10
2.33885e-10
2.86543e-10
4.00533e-10
1.15924e-09
1.41939e-08
1.07893e-06
0.000249924
0.0444141
0.77141
0.822009
0.766105
0.372322
0.00263665
2.25971e-06
5.12023e-10
1.88793e-13
1.65948e-15
1.34742e-15
2.99606e-14
2.98469e-12
4.94277e-10
8.95599e-08
1.40049e-05
0.00127218
0.0512661
0.853322
0.9604
0.969723
0.96105
0.942223
0.886509
0.839466
0.794872
0.148669
0.00933159
0.000269624
1.34297e-06
9.48971e-11
3.82933e-18
3.17333e-30
4.91891e-51
3.99751e-90
5.25159e-163
3.05445e-300
0
1
1
1
1
1
1
1
1
1
1
1
1
1
1
1
1
1
1
1
1
1
1
1
1
1
1
1
1
1
1
1
1
0.938368
0.103376
0.00395959
9.92611e-05
2.26169e-06
7.95686e-08
6.80024e-09
1.81082e-09
1.34746e-09
2.28632e-09
6.52433e-09
2.45552e-08
1.1838e-07
6.29964e-07
3.21132e-06
1.45972e-05
5.62794e-05
0.000167295
0.000378516
0.000666759
0.000904738
0.0010008
0.000984999
0.00088182
0.000841943
0.00108106
0.00252177
0.0127835
0.108649
0.828169
0.929927
0.839282
0.470859
0.0131339
5.69508e-05
6.75816e-08
8.29831e-11
9.58656e-13
5.81765e-13
1.27735e-11
1.79772e-09
4.2037e-07
8.57631e-05
0.0109922
0.73494
0.90768
1
1
1
1
1
1
0.962832
0.929618
0.874838
0.0746725
0.00477447
0.000234239
2.70282e-06
5.60578e-10
8.01795e-17
2.886e-28
7.88449e-48
7.90573e-84
5.49074e-149
5.84072e-272
0
1
1
1
1
1
1
1
1
1
1
1
1
1
1
1
1
1
1
1
1
1
1
1
1
1
1
1
1
1
1
1
1
0.609551
0.213163
0.0830527
0.0347773
0.0147243
0.00765815
0.00559959
0.00626115
0.0103256
0.0218127
0.0526353
0.127493
0.299953
0.674686
0.837697
0.956887
0.995511
1
1
1
1
1
1
1
1
1
1
1
1
1
1
0.986972
0.170187
0.00460787
6.23567e-05
9.6064e-07
5.86259e-08
4.4918e-08
4.83131e-07
3.00816e-05
0.00358753
0.379843
0.840065
0.990834
1
1
1
1
1
1
1
1
0.989976
0.963999
0.948005
0.24829
0.0379143
0.00705804
0.000366245
5.44711e-07
6.50774e-13
2.59056e-23
6.87032e-41
1.02141e-72
4.95707e-131
1.53509e-247
0
1
1
1
1
1
1
1
1
1
1
1
1
1
1
1
1
1
1
1
1
1
1
1
1
1
1
1
1
1
1
1
1
0.97637
0.897565
0.883397
0.897662
0.921664
0.956498
0.995188
1
1
1
1
1
1
1
1
1
1
1
1
1
1
1
1
1
1
1
1
1
1
1
1
1
0.894031
0.114689
0.0128763
0.00344182
0.00402482
0.0248906
0.467388
0.95826
1
1
1
1
1
1
1
1
1
1
1
0.994555
0.961496
0.970123
0.997883
1
0.637258
0.523622
0.142394
0.00119822
1.21639e-08
2.57752e-18
6.79482e-35
2.29009e-64
2.17422e-118
6.94207e-232
0
1
1
1
1
1
1
1
1
1
1
1
1
1
1
1
1
1
1
1
1
1
1
1
1
1
1
1
1
1
1
1
1
1
1
1
1
1
1
1
1
1
1
1
1
1
1
1
1
1
1
1
1
1
1
1
1
1
1
1
1
1
1
1
1
1
1
1
1
1
1
1
1
1
1
1
1
1
1
1
1
1
1
0.916033
0.856381
0.465817
0.686885
0.975869
1
1
1
1
0.576735
2.26551e-05
1.43885e-14
8.12612e-31
4.12461e-59
1.13446e-110
3.58687e-223
0
1
1
1
1
1
1
1
1
1
1
1
1
1
1
1
1
1
1
1
1
1
1
1
1
1
1
1
1
1
1
1
1
1
1
1
1
1
1
1
1
1
1
1
1
1
1
1
1
1
1
1
1
1
1
1
1
1
1
1
1
1
1
1
1
1
1
1
1
1
1
1
1
1
1
1
1
1
1
1
0.944343
0.806514
0.228536
0.00350337
0.000263141
0.00022065
0.00133187
0.0144624
0.11108
0.825238
1
1
1
0.00185723
1.64898e-12
9.27395e-29
1.08373e-56
2.37852e-107
4.93944e-220
0
1
1
1
1
1
1
1
1
1
1
1
1
1
1
1
1
1
1
1
1
1
1
1
1
1
1
1
1
1
1
1
1
1
1
1
1
1
1
1
1
1
1
1
1
1
1
1
1
1
1
1
1
1
1
1
1
1
1
1
1
1
1
1
1
1
1
1
1
1
1
1
1
1
1
1
1
1
0.826036
0.65793
0.0279814
0.000128061
6.33676e-07
6.91118e-09
5.84777e-10
1.04071e-09
2.57859e-08
1.92616e-06
0.000160492
0.0213693
0.881842
1
1
0.00381322
2.53142e-12
8.84209e-29
4.55445e-57
3.28415e-108
1.09878e-221
0
1
1
1
1
1
1
1
1
1
1
1
1
1
1
1
1
1
1
1
1
1
1
1
1
1
1
1
1
1
1
1
1
1
1
1
1
1
1
1
1
1
1
1
1
1
1
1
1
1
1
1
1
1
1
1
1
1
1
1
1
1
1
1
1
1
1
1
1
1
1
1
1
1
1
1
0.771789
0.242691
0.00125256
3.34405e-06
8.36021e-09
2.01265e-11
5.00638e-14
2.27783e-16
8.67785e-18
1.63435e-17
1.70802e-15
1.71174e-12
4.20561e-09
2.041e-05
0.0382066
1
1
0.000118369
3.17042e-14
4.06297e-31
1.92004e-60
2.55063e-113
4.11701e-228
0
1
1
1
1
1
1
1
1
1
1
1
1
1
1
1
1
1
1
1
1
1
1
1
1
1
1
1
1
1
1
1
1
1
1
1
1
1
1
1
1
1
1
1
1
1
1
1
1
1
1
1
1
1
1
1
1
1
1
1
1
1
1
1
1
1
1
1
1
1
1
1
1
0.889671
0.54916
0.0112341
3.10501e-05
4.17185e-08
4.52821e-11
5.4951e-14
6.20984e-17
5.21242e-20
3.8722e-23
4.4594e-26
3.73125e-28
3.47109e-28
1.55553e-25
5.31256e-21
1.41316e-15
5.68444e-10
2.56812e-05
0.00775026
0.00166526
2.34127e-08
1.73541e-18
3.8762e-36
2.7573e-67
3.96835e-123
3.70278e-240
0
1
1
1
1
1
1
1
1
1
1
1
1
1
1
1
1
1
1
1
1
1
1
1
1
1
1
1
1
1
1
1
1
1
1
1
1
1
1
1
1
1
1
1
1
1
1
1
1
1
1
1
1
1
1
1
1
1
1
1
1
1
1
1
1
1
1
1
1
1
1
1
0.407331
0.00604469
2.12827e-05
1.63096e-08
4.01788e-12
6.02675e-16
8.90604e-20
1.74343e-23
4.77022e-27
1.29684e-30
2.26903e-34
2.26422e-38
5.64985e-42
5.13045e-43
3.06457e-39
4.92295e-32
6.80202e-24
2.11008e-16
6.52664e-11
2.85513e-08
2.83176e-09
1.09672e-14
1.75051e-25
1.77788e-44
1.52443e-78
1.02756e-138
1.39126e-259
0
1
1
1
1
1
1
1
1
1
1
1
1
1
1
1
1
1
1
1
1
1
1
1
1
1
1
1
1
1
1
1
1
1
1
1
1
1
1
1
1
1
1
1
1
1
1
1
1
1
1
1
1
1
1
1
1
1
1
1
1
1
1
1
1
1
1
1
1
1
1
1
0.0661148
0.000173483
7.24258e-08
4.07487e-12
4.17342e-17
2.08702e-22
1.25082e-27
9.65086e-33
7.00519e-38
3.11922e-43
4.00688e-49
3.18627e-56
3.05178e-64
7.59533e-68
7.12888e-59
1.33634e-45
6.26558e-34
7.85095e-25
7.79246e-19
2.91437e-16
9.59571e-18
6.48455e-24
5.38213e-36
1.82377e-57
5.06125e-96
3.62686e-162
8.99955e-290
0
1
1
1
1
1
1
1
1
1
1
1
1
1
1
1
1
1
1
1
1
1
1
1
1
1
1
1
1
1
1
1
1
1
1
1
1
1
1
1
1
1
1
1
1
1
1
1
1
1
1
1
1
1
1
1
1
1
1
1
1
1
1
1
1
1
1
1
1
1
1
1
1
0.0107591
1.83953e-06
3.32784e-11
7.48929e-17
4.61128e-23
2.26615e-29
1.01042e-35
1.01899e-42
3.46112e-51
1.21429e-60
8.64819e-68
1.21266e-69
1.96322e-67
1.54521e-61
1.21326e-51
1.57542e-40
3.01391e-31
3.11254e-25
3.09393e-23
6.34906e-26
6.00425e-34
5.59148e-49
3.38788e-75
4.46799e-121
9.1613e-197
0
0
1
1
1
1
1
1
1
1
1
1
1
1
1
1
1
1
1
1
1
1
1
1
1
1
1
1
1
1
1
1
1
1
1
1
1
1
1
1
1
1
1
1
1
1
1
1
1
1
1
1
1
1
1
1
1
1
1
1
1
1
1
1
1
1
1
1
1
1
1
1
1
1
1
0.0444768
1.72191e-06
1.05212e-11
1.80021e-17
1.38313e-23
9.13548e-30
9.20563e-36
3.84896e-41
5.99318e-45
2.92033e-46
1.2503e-45
2.95047e-44
2.26202e-42
3.27157e-39
3.18711e-34
1.58905e-28
4.51669e-24
1.60335e-22
3.85647e-25
7.6376e-33
2.52199e-47
1.11948e-72
3.65424e-117
2.55208e-191
0
0
1
1
1
1
1
1
1
1
1
1
1
1
1
1
1
1
1
1
1
1
1
1
1
1
1
1
1
1
1
1
1
1
1
1
1
1
1
1
1
1
1
1
1
1
1
1
1
1
1
1
1
1
1
1
1
1
1
1
1
1
1
1
1
1
1
1
1
1
1
1
1
1
1
1
0.706889
3.35093e-05
4.00398e-10
3.68491e-15
4.31001e-20
1.54158e-24
5.63499e-28
5.49795e-30
1.74093e-30
6.42889e-30
6.98559e-29
1.1689e-27
6.35676e-26
4.53199e-23
2.05478e-19
3.41267e-16
9.03349e-15
1.61697e-16
1.61346e-22
3.25116e-34
4.41737e-55
1.15449e-92
1.58898e-157
1.21152e-280
0
1
1
1
1
1
1
1
1
1
1
1
1
1
1
1
1
1
1
1
1
1
1
1
1
1
1
1
1
1
1
1
1
1
1
1
1
1
1
1
1
1
1
1
1
1
1
1
1
1
1
1
1
1
1
1
1
1
1
1
1
1
1
1
1
1
1
1
1
1
1
1
1
1
1
1
0.993761
0.00178666
1.03973e-07
1.10246e-11
4.42385e-15
1.75153e-17
1.31108e-18
1.34903e-18
6.31332e-18
4.53545e-17
2.69814e-16
1.98637e-15
7.4903e-14
2.262e-11
8.54709e-09
2.03304e-07
1.10515e-08
6.69661e-14
2.58e-24
9.28664e-43
5.26877e-76
2.33429e-134
2.20464e-249
0
1
1
1
1
1
1
1
1
1
1
1
1
1
1
1
1
1
1
1
1
1
1
1
1
1
1
1
1
1
1
1
1
1
1
1
1
1
1
1
1
1
1
1
1
1
1
1
1
1
1
1
1
1
1
0.185877
0.0467939
0.0177019
0.0114363
0.0134409
0.0277982
0.0950708
0.469675
1
1
1
1
1
1
1
1
1
1
1
1
1
1
1
0.082087
3.27258e-05
6.11235e-08
1.34189e-09
4.33806e-10
1.07771e-09
6.71991e-09
3.7266e-08
9.78701e-08
1.37095e-07
3.77433e-07
7.08432e-06
0.00049719
0.00997852
0.00176042
6.23466e-08
1.56447e-17
1.38157e-34
5.28571e-65
9.73002e-119
4.60903e-228
0
1
1
1
1
1
1
1
1
1
1
1
1
1
1
1
1
1
1
1
1
1
1
1
1
1
1
1
1
1
1
1
1
1
1
1
1
1
1
1
1
1
1
1
1
1
1
1
1
0.177718
0.00329752
3.06116e-05
2.69558e-07
4.20225e-09
1.59986e-10
1.50532e-11
2.89578e-12
1.11774e-12
9.87983e-13
2.16272e-12
1.06946e-11
1.09082e-10
1.9587e-09
5.84463e-08
3.16411e-06
0.000312059
0.0547659
1
1
1
1
1
1
1
1
1
1
1
1
0.766394
0.0084589
0.000445444
0.00032054
0.00143427
0.0121017
0.0597932
0.0844961
0.0339117
0.0112958
0.0173519
0.0882251
0.6983
1
0.000279117
4.39941e-13
2.72491e-29
6.27872e-58
1.41765e-108
3.88916e-214
0
1
1
1
1
1
1
1
1
1
1
1
1
1
1
1
1
1
1
1
1
1
1
1
1
1
1
1
1
1
1
1
1
1
1
1
1
1
1
1
1
1
1
1
1
1
1
0.0565926
0.000371932
7.46946e-07
4.61702e-10
1.39139e-13
5.67442e-17
7.4153e-20
4.40442e-22
1.27007e-23
1.31111e-24
4.33234e-25
5.01738e-25
2.27239e-24
3.66824e-23
1.79424e-21
1.99692e-19
4.03271e-17
1.36528e-14
7.56525e-12
7.50709e-09
1.20819e-05
0.0248762
1
1
1
1
1
1
1
1
1
1
1
0.875725
0.733671
0.729981
0.825685
0.968024
1
1
1
1
0.715147
0.526564
1
1
0.0259139
1.54746e-10
2.99836e-26
6.68196e-54
1.01625e-102
2.42712e-206
0
1
1
1
1
1
1
1
1
1
1
1
1
1
1
1
1
1
1
1
1
1
1
1
1
1
1
1
1
1
1
1
1
1
1
1
1
1
1
1
1
1
1
1
1
0.96247
0.869288
0.0661554
5.37363e-05
6.06977e-09
9.33387e-14
3.24053e-19
1.26589e-24
2.51936e-29
4.58862e-33
7.83673e-36
8.3844e-38
6.64827e-39
4.61567e-39
2.90978e-38
1.26282e-36
2.54989e-34
1.6046e-31
2.42918e-28
7.79106e-25
4.92943e-21
5.35318e-17
6.42313e-13
6.84288e-09
5.89441e-05
0.306744
1
1
1
1
1
1
1
1
1
0.997599
0.871311
0.850775
0.941193
1
1
1
1
1
0.977172
0.617229
1
1
0.16976
1.51705e-09
4.03116e-25
1.81175e-52
1.102e-100
6.65017e-204
0
1
1
1
1
1
1
1
1
1
1
1
1
1
1
1
1
1
1
1
1
1
1
1
1
1
1
1
1
1
1
1
1
1
1
1
1
1
1
1
1
1
1
1
1
0.942282
0.88148
0.714605
0.0115908
6.93473e-07
3.71016e-12
2.48387e-18
6.95871e-25
3.80579e-31
1.13081e-36
1.51028e-41
2.82836e-46
1.6469e-50
2.38274e-53
6.4596e-54
2.31686e-52
1.79304e-49
8.79066e-46
1.41899e-41
4.77515e-37
3.1582e-32
4.10211e-27
7.97609e-22
1.2547e-16
7.88766e-12
1.7512e-07
0.00171033
1
1
1
1
1
1
1
1
1
0.933272
0.870005
0.905287
1
1
1
1
1
0.285896
0.380784
1
1
0.0817996
5.0523e-10
8.85268e-26
1.8627e-53
2.07401e-102
1.60264e-206
0
1
1
1
1
1
1
1
1
1
1
1
1
1
1
1
1
1
1
1
1
1
1
1
1
1
1
1
1
1
1
1
1
1
1
1
1
1
1
1
1
1
1
1
0.999052
0.95681
0.91171
0.856224
0.685908
0.0107162
4.31454e-07
2.48575e-12
5.40713e-18
7.49512e-24
1.03003e-29
1.45695e-35
6.38477e-42
2.50879e-49
3.81957e-58
1.91884e-67
1.6108e-72
1.25087e-70
2.18292e-65
2.66739e-59
6.48058e-53
3.12065e-46
2.20703e-39
1.48782e-32
4.51005e-26
4.72833e-20
1.19275e-14
5.89547e-10
9.10085e-06
0.0501457
1
1
1
1
1
1
1
0.961588
0.850677
0.214796
0.136145
0.114839
0.0482237
0.00824549
0.00167755
0.00337732
0.0506377
0.761595
1
0.00223807
3.89754e-12
1.9381e-28
4.00447e-57
4.64923e-108
1.87667e-214
0
1
1
1
1
1
1
1
1
1
1
1
1
1
1
1
1
1
1
1
1
1
1
1
1
1
1
1
1
1
1
1
1
1
0.187601
0.0232737
0.00538035
0.00295636
0.00443789
0.0200519
0.256809
0.967742
0.96945
0.97099
0.969863
0.96467
0.950747
0.918623
0.870824
0.735617
0.0416486
1.16775e-05
7.91494e-10
2.72586e-14
4.63379e-19
3.49378e-24
8.72666e-30
4.54653e-36
1.10297e-43
5.4239e-54
1.02871e-68
4.59628e-89
3.31732e-103
1.79947e-95
1.01845e-81
4.62676e-68
4.94897e-56
7.47979e-46
2.48106e-37
6.74805e-30
2.74902e-23
1.91118e-17
2.25534e-12
6.11301e-08
0.000545281
0.712729
1
1
1
1
0.971576
0.929814
0.238842
0.00224762
4.26778e-05
1.68378e-06
1.07914e-07
1.51135e-08
1.69325e-08
6.38271e-07
0.000217797
0.0293652
0.0159489
1.05515e-06
2.66389e-16
1.60605e-33
5.08412e-64
3.6347e-118
1.58572e-228
0
1
1
1
1
1
1
1
1
1
1
1
1
1
1
1
1
1
1
1
1
1
1
1
1
1
1
1
1
0.208032
0.00108954
7.40272e-06
8.87819e-08
2.22524e-09
1.15438e-10
1.19825e-11
3.16613e-12
2.9057e-12
1.18506e-11
2.74795e-10
3.5094e-08
1.71872e-05
0.0178209
0.873874
0.909136
0.939734
0.95828
0.956354
0.935371
0.898809
0.828429
0.435152
0.00294724
2.44584e-06
5.50445e-10
4.33727e-14
8.91072e-19
4.29892e-24
4.07083e-30
2.08938e-37
7.04542e-47
3.45841e-60
1.02132e-79
2.1709e-108
7.10188e-133
7.18495e-112
2.67901e-86
1.06904e-66
2.11492e-52
8.47531e-42
1.92802e-33
2.19506e-26
4.03994e-20
1.47641e-14
1.10954e-09
2.28754e-05
0.0938074
0.883631
0.94001
0.924404
0.889255
0.852543
0.675013
0.000735218
2.66968e-07
8.89093e-11
7.26585e-14
1.10231e-15
2.75249e-15
1.25221e-12
3.94353e-09
7.06905e-07
1.52459e-07
1.61996e-12
5.40619e-23
1.11515e-41
4.74321e-75
6.40088e-134
3.74398e-250
0
1
1
1
1
1
1
1
1
1
1
1
1
1
1
1
1
1
1
1
1
1
1
1
1
0.923443
0.129137
0.000744039
1.26606e-06
9.68013e-10
6.74048e-13
8.03745e-16
2.51086e-18
2.48658e-20
6.75683e-22
5.08806e-23
1.40412e-23
2.08235e-23
2.8563e-22
5.72586e-20
1.46109e-16
2.26014e-12
6.63848e-08
0.00113744
0.773653
0.880108
0.924617
0.949448
0.957142
0.948523
0.930372
0.912365
0.889794
0.435672
0.00258054
1.38604e-06
2.33721e-10
1.16979e-14
1.07448e-19
1.42695e-25
1.67819e-32
3.29044e-41
5.41704e-53
2.1674e-69
5.48871e-93
1.67713e-126
5.48571e-133
7.93794e-102
7.03296e-77
3.61342e-59
1.89632e-46
6.24443e-37
3.88713e-29
2.98699e-22
5.47285e-16
1.8164e-10
1.11017e-05
0.0942282
0.828777
0.840572
0.822139
0.790581
0.756922
0.0219905
1.17212e-06
1.13722e-11
6.9277e-17
7.59228e-21
1.06127e-21
2.00907e-19
4.08667e-16
3.49351e-14
1.76353e-15
2.9746e-21
5.53838e-33
3.86134e-54
6.59644e-92
1.89321e-157
7.04738e-282
0
1
1
1
1
1
1
1
1
1
1
1
1
1
1
1
1
1
1
1
1
1
1
0.969635
0.318115
0.00314398
7.65186e-06
3.28983e-09
2.74564e-13
8.66663e-18
2.87103e-22
2.32749e-26
9.62919e-30
2.43409e-32
2.56925e-34
1.07192e-35
1.87849e-36
2.25466e-36
6.18209e-35
1.06052e-31
1.00031e-26
1.35056e-20
3.13081e-14
1.68564e-08
0.000816713
0.70662
0.864715
0.908543
0.9386
0.956593
0.968231
0.98092
0.985312
0.977389
0.960047
0.270784
0.000330491
1.17411e-07
1.33266e-11
2.49984e-16
6.59899e-22
1.96129e-28
2.12038e-36
1.76368e-46
8.33537e-60
1.6503e-77
4.12162e-99
3.20312e-117
9.5033e-109
1.10864e-86
2.12382e-66
3.00064e-51
5.57599e-40
6.42182e-31
4.4097e-23
5.33511e-16
6.85018e-10
8.99708e-05
0.364605
0.768794
0.771306
0.758641
0.736395
0.683155
0.000727557
9.91248e-09
2.96465e-14
1.68427e-19
9.15063e-23
2.63312e-23
1.89392e-22
1.33631e-22
7.41772e-26
1.20917e-33
5.5454e-48
2.64659e-73
1.56002e-117
2.77736e-192
0
0
1
1
1
1
1
1
1
1
1
1
1
1
1
1
1
1
1
1
1
1
1
0.956547
0.848277
0.192047
0.00136423
1.30675e-06
1.22534e-10
1.25599e-15
3.36287e-21
9.05383e-27
8.07649e-32
5.05473e-36
2.03545e-39
3.63886e-42
3.11978e-44
6.97119e-46
3.5422e-47
2.59796e-47
1.03325e-44
2.01493e-38
8.20125e-30
4.45478e-21
2.13812e-13
2.31808e-07
0.00456366
0.68565
0.856323
0.903927
0.935729
0.967045
1
1
1
1
1
0.924418
0.0127725
1.01401e-05
2.59267e-09
1.39958e-13
1.07106e-18
9.77824e-25
1.07465e-31
1.30578e-39
2.37276e-48
5.42737e-57
6.21384e-65
2.20048e-73
1.90308e-83
5.7883e-87
7.99341e-73
4.05972e-55
2.34257e-41
1.01374e-30
7.92014e-22
3.43128e-14
5.32975e-08
0.00404853
0.619312
0.733657
0.73953
0.738775
0.727548
0.532604
0.000165212
6.65905e-09
2.10091e-13
2.60441e-17
3.49973e-20
1.76682e-22
5.60576e-26
9.10989e-33
6.38088e-45
1.39967e-65
5.84511e-100
4.3423e-155
4.0532e-244
0
0
1
1
1
1
1
1
1
1
1
1
1
1
1
1
1
1
1
1
1
1
0.972418
0.882866
0.799018
0.697134
0.109991
0.000305673
8.66459e-08
3.78302e-12
5.55913e-17
7.1671e-22
1.82943e-26
1.35979e-30
3.21084e-34
3.24614e-37
2.46739e-39
5.07345e-41
2.15847e-43
4.88378e-47
1.66131e-50
7.88104e-49
4.12961e-39
1.54045e-27
1.21089e-17
4.53679e-10
6.42931e-05
0.0777381
0.764108
0.879775
0.909934
0.939839
0.985597
1
1
1
1
1
1
0.12978
0.000266687
1.99049e-07
4.26274e-11
1.61366e-15
1.42066e-20
5.8095e-26
2.61546e-31
5.43497e-36
5.87237e-40
1.51746e-44
1.22048e-51
6.99897e-63
4.49193e-77
2.57879e-75
5.26605e-55
5.16254e-39
2.94933e-27
5.51134e-18
8.61151e-11
1.81277e-05
0.114634
0.708825
0.729258
0.740401
0.747579
0.744496
0.532743
0.000790048
4.49959e-07
3.56532e-10
4.0338e-13
2.97234e-16
1.43902e-20
1.56446e-27
4.57709e-39
7.19463e-59
2.5363e-94
7.82858e-157
2.01966e-264
0
0
3.18358e-10
5.60946e-10
6.13284e-10
7.97753e-10
4.70752e-09
4.08416e-08
4.97049e-07
8.06267e-06
0.000156507
0.00285773
0.036938
0.29808
1
1
1
1
1
0.602781
0.515282
0.965677
0.901964
0.833229
0.766836
0.710942
0.662735
0.273584
0.0012717
1.33625e-06
7.57461e-10
3.74875e-13
2.13979e-16
1.50585e-19
2.03458e-22
1.18391e-24
4.82097e-26
5.66279e-27
1.08084e-28
2.06938e-32
9.31793e-39
2.63115e-46
3.23476e-45
1.26839e-32
1.41903e-20
1.03362e-11
7.69778e-06
0.0175053
0.409417
0.464468
0.176967
0.143735
0.758308
0.991318
1
1
1
1
1
1
0.568665
0.00424697
1.25383e-05
1.48536e-08
5.734e-12
1.14017e-15
3.26205e-19
3.17543e-22
9.80693e-25
1.09919e-27
1.46086e-32
8.48909e-41
4.77338e-54
7.03128e-72
9.28368e-70
7.30154e-47
4.02232e-31
3.97389e-20
3.01742e-12
7.41831e-07
0.00279682
0.443518
0.736506
0.741518
0.75193
0.761717
0.739899
0.688181
0.0285368
0.000151994
8.08289e-07
2.70923e-09
7.70507e-13
9.91664e-19
1.96448e-28
8.25334e-45
3.37941e-74
2.20221e-127
2.72644e-222
0
0
1.61686e-25
3.99142e-25
5.13763e-25
1.01714e-24
2.34329e-23
1.05301e-21
8.40369e-20
1.13523e-17
2.17e-15
4.66863e-13
8.6965e-11
1.13432e-08
7.66674e-07
2.02141e-05
0.000166602
0.000389359
0.000357903
0.000267507
0.000438395
0.00330578
0.0911875
0.802129
0.759241
0.716602
0.682874
0.658441
0.52842
0.033275
0.00052867
6.57206e-06
6.1628e-08
4.02409e-10
2.97224e-12
6.57697e-14
8.27936e-15
2.67269e-15
1.53702e-16
1.0372e-19
1.67184e-25
3.6162e-34
9.02383e-42
4.62286e-35
4.25311e-22
2.13702e-12
4.35973e-06
0.0155111
0.373725
0.229311
0.0176247
0.00134838
0.000800411
0.00768506
0.407666
1
1
1
1
1
1
0.916506
0.0632083
0.000910688
6.10617e-06
2.57869e-08
1.3778e-10
1.95245e-12
5.91744e-14
5.76662e-16
9.64372e-20
2.07045e-26
2.73844e-37
5.44076e-54
2.22862e-68
4.11944e-51
4.25267e-32
7.64495e-20
1.12047e-11
1.51663e-06
0.00125572
0.0397216
0.318646
0.745083
0.739168
0.746413
0.749225
0.736811
0.70789
0.612015
0.0149613
0.000249847
8.41566e-07
1.61638e-11
5.46786e-20
2.51907e-34
1.29482e-59
6.73982e-106
3.46447e-191
0
0
1.81634e-43
6.67196e-43
9.89819e-43
2.61222e-42
1.84314e-40
4.58829e-38
4.11711e-35
9.35407e-32
3.48441e-28
1.76372e-24
1.05736e-20
5.66283e-17
1.4845e-13
8.68254e-11
6.44688e-09
5.31711e-08
8.41151e-08
8.58904e-08
2.47155e-07
5.10565e-06
0.000539934
0.0875248
0.759093
0.741754
0.713121
0.693891
0.688988
0.630922
0.5268
0.17047
0.0180652
0.000591788
1.68687e-05
1.25057e-06
5.9422e-07
6.0853e-07
9.67426e-08
1.58769e-10
4.94848e-16
2.26776e-24
7.15328e-34
3.87488e-34
2.02853e-22
2.66081e-12
1.09792e-05
0.0675951
0.781311
0.85873
0.0242724
0.000123392
2.25758e-06
2.03303e-06
7.96044e-05
0.0116699
0.968834
1
1
1
1
1
0.984378
0.719107
0.0359283
0.00102372
4.09039e-05
5.70398e-06
1.58717e-06
1.20178e-07
1.17093e-10
1.41247e-16
2.81508e-26
3.54182e-41
4.02804e-57
1.15403e-49
1.08268e-30
6.71614e-18
1.39512e-09
0.000119789
0.0296036
0.118829
0.0747091
0.096409
0.690499
0.720358
0.731642
0.736273
0.723076
0.707199
0.689036
0.316901
0.00843293
2.88561e-06
1.43691e-13
1.28546e-26
2.53207e-49
6.34673e-91
1.08529e-169
0
0
1.34203e-63
8.57612e-63
1.7947e-62
8.28548e-62
1.12057e-59
2.57507e-57
6.48062e-54
5.65038e-49
1.69271e-43
6.0558e-38
2.33553e-32
6.80774e-27
6.42622e-22
6.81902e-18
3.81845e-15
9.76377e-14
2.60915e-13
4.98989e-13
5.70066e-12
9.169e-10
7.5817e-07
0.000495332
0.10707
0.691175
0.766171
0.751349
0.743644
0.744005
0.755993
0.776994
0.757473
0.495969
0.105467
0.0204081
0.0249826
0.082482
0.0672132
0.000168023
6.09734e-10
3.29281e-18
8.02115e-28
1.88279e-31
5.37946e-22
7.59538e-12
5.89023e-05
0.41912
1
1
0.126193
4.93958e-05
1.52055e-08
3.20105e-10
3.73365e-09
1.41728e-06
0.000612479
0.0656147
1
1
1
1
0.978295
0.952593
0.936478
0.297335
0.0451036
0.0341705
0.0821345
0.0295986
0.00011576
3.79701e-10
2.12396e-19
2.22449e-33
2.03893e-49
1.20742e-46
5.64749e-29
4.65785e-16
1.60217e-07
0.0165783
0.7154
0.8465
0.172402
0.0100042
0.00855021
0.144965
0.693418
0.712075
0.706815
0.686618
0.697208
0.712356
0.917401
0.00977869
5.30626e-09
3.6459e-21
2.20816e-42
4.50021e-81
8.0331e-156
0
0
4.63031e-79
1.63116e-78
1.86249e-78
2.88653e-77
7.2307e-74
3.79525e-71
1.16709e-69
2.12707e-68
9.42753e-64
6.08131e-56
8.76188e-48
4.70805e-40
2.95429e-33
6.76691e-28
2.84218e-24
2.26629e-22
1.13409e-21
6.01422e-21
6.70876e-19
2.14922e-15
3.60309e-11
3.48444e-07
0.000369064
0.0459504
0.603295
0.676894
0.7422
0.804285
0.818931
0.844291
0.873313
0.906222
0.942583
0.990729
1
1
1
0.117709
3.24419e-07
1.27417e-15
2.35492e-25
3.29656e-30
6.48234e-22
8.96278e-12
8.72679e-05
0.670681
1
1
0.122518
7.7102e-06
5.49218e-11
9.33065e-15
7.49441e-15
9.88493e-12
4.79127e-08
3.30488e-05
0.00365077
0.103108
1
1
0.973172
0.947085
0.929727
0.921439
0.908258
0.857807
0.97368
0.936685
0.180983
7.97947e-07
4.71209e-16
7.48781e-30
1.36952e-46
2.46702e-46
4.81459e-29
7.27443e-16
4.84565e-07
0.0759661
0.809409
0.932295
0.155475
0.000709589
3.25797e-05
9.99038e-05
0.00472181
0.183941
0.669008
0.660346
0.584614
0.644373
0.958092
1
4.09478e-06
8.82782e-18
2.31164e-38
1.44892e-75
2.83915e-148
1.85769e-321
0
5.7558e-62
1.61388e-61
9.27291e-62
1.26749e-61
2.31933e-59
5.69619e-57
5.07132e-56
5.90922e-58
5.83313e-63
3.37257e-68
6.61088e-68
6.86616e-61
6.24129e-52
1.79481e-44
1.52404e-39
5.54918e-37
6.43129e-36
3.56011e-34
9.95272e-30
1.01219e-23
1.08553e-17
2.53147e-12
4.58183e-08
3.25488e-05
0.0016398
0.015458
0.0623249
0.191967
0.557104
0.881084
0.916478
0.958056
1
1
1
1
1
0.0491785
6.07084e-08
9.35391e-17
4.5886e-27
1.54113e-32
5.06517e-24
1.35495e-13
2.27314e-06
0.0455255
1
0.726305
0.00126193
1.37663e-08
4.34582e-15
5.15471e-21
1.29507e-22
6.03391e-19
4.48452e-14
4.9903e-10
5.24896e-07
7.0862e-05
0.0027019
0.0467624
0.395919
0.924903
0.906555
0.895945
0.906795
0.978275
1
1
0.557672
1.44214e-06
4.2396e-16
2.03257e-30
9.04578e-49
3.05444e-50
2.48743e-32
1.56748e-18
2.89146e-09
0.00110513
0.338528
0.294015
0.00251975
2.0815e-06
7.4378e-09
4.02544e-09
2.10217e-07
3.79641e-05
0.00228985
0.0269825
0.217552
0.634355
1
1
8.03818e-05
1.73249e-16
4.37284e-37
5.03054e-74
2.60353e-146
6.1689e-320
0
1.9206e-41
5.8978e-41
1.16425e-40
4.02896e-40
2.24939e-38
1.74904e-36
2.57928e-35
4.90959e-36
6.27969e-40
1.83169e-47
2.09827e-57
1.47214e-68
8.26801e-80
1.14005e-83
9.72869e-77
2.74568e-72
8.59471e-70
7.88842e-62
3.41606e-48
2.77838e-36
3.25715e-27
3.38749e-20
7.70296e-15
5.82356e-11
1.94054e-08
5.06574e-07
2.66586e-06
7.37281e-06
1.88258e-05
5.19482e-05
0.000148684
0.000472987
0.00219289
0.0190045
0.201889
0.377102
0.0187018
4.8226e-06
1.44376e-12
4.11406e-22
1.47626e-33
1.24162e-39
9.33871e-30
1.01829e-18
3.60401e-11
1.2277e-06
7.09026e-05
1.28061e-05
7.80617e-09
1.67024e-14
2.26997e-22
5.22354e-31
2.82381e-34
4.38392e-29
1.08907e-22
1.75427e-17
2.44099e-13
4.34195e-10
1.17862e-07
6.60477e-06
0.000131144
0.00115528
0.00503412
0.0159356
0.0806807
0.925479
1
1
0.00192816
1.29509e-09
7.94629e-20
2.15717e-35
1.88509e-56
2.07795e-59
6.93835e-40
6.13183e-25
4.7294e-15
6.0588e-09
4.42456e-06
5.16624e-06
3.11378e-08
7.80115e-12
4.74894e-15
1.02318e-15
2.31409e-13
9.4754e-10
2.01637e-06
0.000844145
0.10011
0.678055
1
1
2.25479e-05
1.62378e-17
1.05714e-38
1.68487e-76
8.16686e-150
0
0
1.87773e-25
4.37252e-25
7.24791e-25
1.61915e-24
2.22585e-23
6.4052e-22
1.02831e-20
1.03616e-20
3.63536e-23
2.61745e-29
1.75674e-39
1.09896e-52
4.73603e-69
1.98031e-90
7.0923e-122
1.87196e-165
2.49483e-152
1.7131e-108
2.23428e-77
1.14528e-56
2.00401e-42
2.33996e-32
2.86329e-25
1.99997e-20
2.81877e-17
2.22962e-15
2.56462e-14
1.07172e-13
3.16808e-13
1.0496e-12
4.72743e-12
3.26835e-11
3.75724e-10
5.68896e-09
4.47025e-08
3.3214e-08
3.81695e-10
1.4669e-14
5.99713e-22
8.32318e-33
3.0632e-46
2.5842e-53
1.04964e-40
2.07117e-28
2.04889e-20
9.13033e-16
5.24435e-14
6.37048e-15
1.88379e-18
9.817e-25
3.14609e-34
3.53458e-47
2.07523e-54
2.05412e-45
1.14666e-35
2.071e-28
5.92072e-23
1.04789e-18
2.25996e-15
8.95234e-13
8.93197e-11
2.61321e-09
3.37279e-08
3.38213e-07
4.25572e-06
5.89953e-05
0.000161504
9.38585e-06
1.54213e-09
1.16013e-16
4.68374e-28
9.78052e-46
7.51013e-71
7.45162e-76
2.04125e-53
2.06719e-36
1.94501e-25
9.89996e-19
1.74725e-15
3.15508e-15
1.91664e-17
2.98962e-21
8.53359e-25
3.61873e-25
2.50307e-21
1.08713e-15
2.70374e-10
7.89719e-06
0.0140044
0.532841
1
0.205903
2.59048e-08
2.00255e-21
7.9449e-44
1.47175e-83
2.14948e-159
0
0
3.5489e-12
6.065e-12
5.62636e-12
3.89883e-12
7.32176e-12
3.9519e-11
4.11057e-10
1.17044e-09
4.83313e-11
8.41881e-16
3.12028e-25
9.59695e-40
8.57631e-59
1.13293e-83
6.86825e-118
2.82138e-191
1.22648e-243
5.74167e-175
1.26993e-125
2.52222e-92
2.99131e-69
2.32618e-53
1.30007e-42
1.41865e-35
3.23389e-31
1.13697e-28
3.14922e-27
1.98065e-26
6.83419e-26
2.6936e-25
1.74334e-24
2.10456e-23
4.16049e-22
7.00218e-21
2.79561e-20
5.50941e-21
9.66998e-24
3.37843e-29
4.48986e-38
2.18656e-51
2.11003e-68
1.34026e-77
1.80395e-60
1.57873e-45
2.88251e-36
4.0807e-31
2.73049e-29
1.72664e-30
1.10502e-34
3.17998e-42
4.02856e-54
3.35388e-72
3.30929e-90
1.58199e-75
1.57875e-58
1.96684e-46
7.21697e-38
9.4352e-32
2.72287e-27
6.35779e-24
2.45342e-21
2.62353e-19
1.43344e-17
6.07886e-16
1.92877e-14
2.15793e-13
1.64187e-13
1.25386e-15
1.5619e-20
5.07886e-29
1.57814e-42
1.10107e-63
1.48629e-94
2.0088e-103
2.10327e-76
7.14434e-56
9.06036e-43
7.88233e-35
6.57399e-31
2.09025e-30
7.93864e-33
3.00701e-37
3.59136e-41
1.05042e-39
2.87261e-32
1.06428e-23
3.71198e-16
4.66126e-10
1.31944e-05
0.00441203
0.00398386
1.35558e-06
1.08233e-14
3.68161e-29
1.47809e-53
1.63232e-96
1.14035e-176
0
0
9.97858e-05
0.000104332
9.03206e-05
4.96121e-05
2.82978e-05
6.1387e-05
0.000637514
0.0036784
0.000399246
3.75739e-08
1.66809e-16
1.09646e-30
1.50119e-51
6.50351e-80
2.33766e-121
4.92524e-214
0
9.08092e-281
8.84398e-206
4.64238e-153
3.8266e-117
2.12916e-91
1.93579e-73
2.66443e-61
1.8021e-53
8.18911e-49
2.67693e-46
6.19288e-45
5.25317e-44
3.95768e-43
4.28434e-42
7.88969e-41
1.8336e-39
2.05942e-38
2.53559e-38
6.31457e-40
5.005e-44
2.0343e-51
3.64612e-63
8.20495e-81
7.50294e-104
5.87181e-118
3.06386e-94
1.69394e-74
2.29045e-62
1.13169e-55
2.01941e-53
3.09832e-55
4.90498e-61
2.97828e-71
2.71379e-87
9.75719e-112
2.51471e-144
1.36486e-129
3.18046e-100
2.02342e-78
8.63546e-63
7.79123e-52
2.65362e-44
3.43323e-39
1.34686e-35
8.52668e-33
2.08789e-30
2.60518e-28
1.23574e-26
7.66529e-26
1.21899e-26
6.75839e-30
1.91861e-36
2.3492e-47
1.2338e-64
1.77379e-91
1.47831e-130
1.44667e-146
6.11471e-113
9.06164e-87
5.28623e-70
8.48935e-60
1.14579e-54
6.15954e-54
3.32735e-57
1.06364e-63
6.96682e-70
6.76776e-63
1.00582e-46
1.80365e-33
1.45853e-23
3.01601e-16
2.55688e-11
5.12627e-09
9.25392e-10
2.86645e-14
1.09404e-23
5.08484e-40
1.34356e-67
1.28494e-115
2.61386e-202
0
0
0.677461
0.676941
0.682565
0.67393
0.21116
0.169363
0.391762
0.651809
0.869382
0.00142472
3.43433e-11
7.05587e-25
3.68822e-47
1.5501e-81
4.9356e-136
3.20298e-250
0
0
0
5.41851e-254
3.05495e-197
1.05529e-159
9.24658e-133
3.61356e-113
4.88288e-99
5.16138e-89
4.43096e-82
2.06083e-77
2.76145e-74
5.14512e-72
4.79602e-70
3.62217e-68
1.51962e-66
1.16065e-65
2.56364e-66
1.79071e-69
5.46166e-76
8.43433e-87
2.52183e-103
1.27601e-127
9.41962e-160
3.28959e-182
1.02914e-149
1.67408e-124
3.58332e-109
5.07442e-101
1.88372e-98
1.04401e-100
6.82258e-108
6.21703e-121
1.13127e-141
1.86207e-173
2.37259e-225
4.48934e-225
2.68928e-174
4.7631e-138
2.25044e-110
1.19422e-89
1.20944e-74
4.12954e-64
7.02465e-57
6.47752e-52
2.60398e-48
1.64748e-45
1.30216e-43
3.21259e-43
3.6343e-45
2.06245e-50
6.37241e-60
4.21883e-75
1.36846e-98
1.29043e-134
8.90093e-188
3.40834e-212
1.50138e-168
8.71173e-136
4.6734e-115
1.07594e-102
1.37245e-96
1.40096e-95
4.45286e-99
4.71159e-106
1.57242e-112
3.32367e-95
1.32746e-65
5.0698e-46
4.47493e-33
1.91739e-24
3.29499e-19
3.50286e-17
1.40562e-18
3.5676e-24
2.25424e-35
1.06062e-54
2.5696e-87
5.25493e-143
6.35151e-240
0
0
1
1
1
1
0.953753
0.799912
0.732066
0.881971
0.917426
0.969794
7.75238e-08
2.0093e-21
5.88318e-44
1.46867e-82
6.25766e-152
1.20405e-295
0
0
0
0
0
2.81958e-291
5.17589e-254
4.02212e-225
6.64887e-202
6.34704e-183
7.02456e-168
3.0065e-156
4.36407e-147
2.92433e-139
4.21801e-132
5.22317e-126
9.04797e-122
4.54627e-120
1.53089e-121
1.01297e-126
2.7524e-136
1.96019e-151
8.17218e-174
1.87814e-206
3.44811e-252
3.79426e-305
6.67828e-247
5.14331e-218
1.61481e-201
6.3065e-193
3.1111e-190
1.77276e-192
8.84288e-200
1.89481e-213
8.35747e-237
6.4472e-280
0
0
3.63284e-304
7.79917e-247
5.47257e-200
2.75275e-164
4.72365e-138
2.51227e-118
4.50282e-103
4.99737e-91
9.79674e-82
3.11928e-75
8.68365e-72
8.13463e-72
7.42683e-76
1.70208e-84
1.12103e-98
4.38408e-120
3.18324e-152
5.19519e-202
9.42317e-289
0
2.04235e-258
5.14728e-219
1.30602e-195
9.84907e-182
1.25823e-174
1.0751e-172
1.42602e-174
9.84614e-177
3.86134e-170
9.70895e-134
6.98273e-91
1.06563e-63
1.41407e-46
8.04906e-36
9.55758e-30
9.22e-28
4.70415e-30
1.86425e-37
1.15865e-51
7.93919e-76
5.01295e-116
4.27396e-183
4.25238e-298
0
0
