545.323
545.339
545.39
545.474
545.591
545.742
545.925
546.141
546.389
546.669
546.981
547.323
547.695
548.096
548.527
548.986
549.471
549.984
550.522
551.085
551.673
552.283
552.915
553.569
554.242
554.935
555.646
556.374
557.119
557.878
558.652
559.439
560.237
561.047
561.867
562.696
563.533
564.376
565.226
566.081
566.94
567.802
568.666
569.531
570.396
571.261
572.125
572.986
573.844
574.699
575.548
576.392
577.23
578.06
578.883
579.697
580.503
581.298
582.083
582.857
583.619
584.369
585.106
585.83
586.54
587.235
587.915
588.58
589.23
589.862
590.478
591.077
591.658
592.222
592.767
593.293
593.801
594.289
594.757
595.205
595.634
596.041
596.428
596.794
597.139
597.462
597.765
598.045
598.304
598.54
598.754
598.947
599.117
599.264
599.389
599.491
599.571
599.628
599.662
599.673
545.288
545.305
545.355
545.439
545.557
545.707
545.891
546.107
546.356
546.636
546.947
547.29
547.662
548.064
548.495
548.954
549.44
549.953
550.492
551.056
551.643
552.254
552.887
553.541
554.215
554.908
555.62
556.348
557.093
557.853
558.628
559.415
560.214
561.024
561.845
562.674
563.511
564.356
565.206
566.061
566.92
567.783
568.647
569.513
570.379
571.244
572.108
572.97
573.829
574.683
575.533
576.377
577.215
578.046
578.87
579.684
580.49
581.286
582.071
582.845
583.608
584.358
585.095
585.819
586.529
587.225
587.905
588.571
589.22
589.853
590.469
591.068
591.65
592.213
592.759
593.285
593.793
594.281
594.749
595.198
595.626
596.034
596.421
596.787
597.132
597.455
597.758
598.038
598.297
598.533
598.748
598.94
599.11
599.257
599.382
599.485
599.564
599.621
599.655
599.667
545.184
545.201
545.252
545.336
545.454
545.605
545.789
546.006
546.255
546.536
546.848
547.191
547.565
547.968
548.4
548.86
549.347
549.862
550.402
550.966
551.555
552.167
552.802
553.457
554.133
554.828
555.541
556.271
557.017
557.779
558.555
559.344
560.144
560.956
561.778
562.609
563.448
564.293
565.145
566.002
566.862
567.726
568.592
569.459
570.326
571.193
572.059
572.921
573.781
574.637
575.488
576.333
577.173
578.005
578.829
579.645
580.451
581.248
582.034
582.809
583.573
584.324
585.062
585.787
586.498
587.194
587.875
588.541
589.191
589.825
590.442
591.041
591.623
592.188
592.733
593.26
593.768
594.257
594.726
595.175
595.603
596.011
596.399
596.765
597.11
597.434
597.737
598.018
598.277
598.513
598.728
598.92
599.09
599.238
599.363
599.465
599.545
599.602
599.636
599.648
545.011
545.028
545.079
545.163
545.282
545.433
545.618
545.836
546.086
546.368
546.682
547.027
547.402
547.807
548.24
548.703
549.192
549.708
550.251
550.818
551.409
552.023
552.66
553.318
553.996
554.693
555.409
556.142
556.891
557.655
558.433
559.225
560.028
560.843
561.667
562.5
563.342
564.19
565.044
565.903
566.766
567.632
568.5
569.37
570.239
571.108
571.975
572.841
573.702
574.56
575.413
576.26
577.101
577.935
578.761
579.579
580.387
581.185
581.973
582.75
583.515
584.267
585.007
585.733
586.445
587.143
587.825
588.492
589.143
589.778
590.396
590.997
591.58
592.145
592.691
593.219
593.728
594.217
594.687
595.137
595.566
595.974
596.362
596.729
597.075
597.4
597.702
597.984
598.243
598.48
598.695
598.888
599.058
599.206
599.331
599.433
599.513
599.57
599.604
599.616
544.768
544.785
544.836
544.922
545.041
545.193
545.379
545.599
545.85
546.134
546.45
546.797
547.174
547.581
548.017
548.482
548.975
549.494
550.039
550.609
551.204
551.822
552.461
553.123
553.804
554.505
555.224
555.961
556.714
557.481
558.263
559.058
559.865
560.683
561.511
562.348
563.193
564.045
564.902
565.765
566.631
567.5
568.372
569.244
570.117
570.989
571.859
572.727
573.592
574.453
575.308
576.158
577.002
577.838
578.667
579.487
580.297
581.098
581.888
582.667
583.433
584.188
584.929
585.657
586.371
587.071
587.755
588.424
589.076
589.713
590.332
590.934
591.518
592.085
592.632
593.161
593.671
594.162
594.632
595.083
595.513
595.923
596.311
596.679
597.026
597.351
597.654
597.936
598.196
598.433
598.649
598.842
599.012
599.16
599.286
599.389
599.469
599.526
599.56
599.572
544.456
544.473
544.525
544.61
544.73
544.884
545.072
545.293
545.547
545.833
546.151
546.5
546.881
547.291
547.73
548.199
548.695
549.218
549.767
550.341
550.94
551.562
552.206
552.872
553.558
554.264
554.987
555.728
556.486
557.258
558.045
558.844
559.656
560.479
561.311
562.153
563.002
563.858
564.72
565.587
566.458
567.331
568.207
569.083
569.96
570.836
571.71
572.582
573.45
574.314
575.174
576.027
576.874
577.713
578.545
579.368
580.182
580.985
581.778
582.56
583.329
584.086
584.83
585.561
586.277
586.978
587.665
588.336
588.99
589.628
590.25
590.854
591.44
592.007
592.557
593.087
593.599
594.091
594.562
595.014
595.446
595.856
596.246
596.615
596.962
597.288
597.592
597.875
598.135
598.373
598.589
598.783
598.954
599.102
599.228
599.331
599.411
599.469
599.503
599.514
544.073
544.091
544.143
544.23
544.351
544.506
544.696
544.919
545.175
545.464
545.785
546.138
546.522
546.936
547.379
547.852
548.352
548.88
549.434
550.013
550.617
551.244
551.894
552.565
553.257
553.968
554.697
555.444
556.207
556.985
557.778
558.583
559.4
560.229
561.067
561.914
562.769
563.63
564.498
565.37
566.246
567.124
568.005
568.887
569.768
570.649
571.528
572.404
573.277
574.146
575.009
575.867
576.718
577.561
578.397
579.223
580.041
580.848
581.644
582.429
583.202
583.962
584.709
585.442
586.161
586.866
587.555
588.228
588.885
589.526
590.149
590.755
591.343
591.913
592.465
592.997
593.51
594.004
594.477
594.93
595.363
595.775
596.166
596.536
596.884
597.211
597.517
597.8
598.061
598.3
598.517
598.711
598.883
599.031
599.158
599.261
599.341
599.399
599.433
599.445
543.621
543.638
543.691
543.779
543.901
544.059
544.25
544.476
544.735
545.027
545.352
545.709
546.097
546.515
546.964
547.442
547.947
548.481
549.04
549.626
550.235
550.869
551.525
552.203
552.901
553.618
554.355
555.108
555.878
556.663
557.462
558.274
559.098
559.933
560.778
561.632
562.493
563.361
564.235
565.113
565.996
566.88
567.767
568.654
569.542
570.428
571.313
572.194
573.073
573.946
574.815
575.677
576.533
577.382
578.222
579.053
579.874
580.686
581.486
582.275
583.052
583.816
584.566
585.303
586.025
586.733
587.425
588.102
588.762
589.405
590.031
590.64
591.23
591.802
592.356
592.89
593.406
593.901
594.376
594.831
595.266
595.679
596.072
596.443
596.793
597.121
597.428
597.712
597.974
598.214
598.431
598.626
598.798
598.948
599.074
599.178
599.259
599.316
599.351
599.363
543.097
543.115
543.169
543.257
543.382
543.541
543.735
543.964
544.226
544.523
544.852
545.213
545.606
546.03
546.484
546.967
547.479
548.019
548.585
549.178
549.795
550.435
551.099
551.784
552.49
553.215
553.959
554.72
555.498
556.291
557.098
557.918
558.75
559.592
560.445
561.306
562.175
563.051
563.932
564.818
565.707
566.599
567.493
568.387
569.281
570.174
571.065
571.953
572.837
573.717
574.591
575.46
576.321
577.175
578.02
578.856
579.683
580.499
581.304
582.097
582.879
583.647
584.402
585.142
585.869
586.58
587.276
587.956
588.619
589.265
589.895
590.506
591.1
591.675
592.231
592.768
593.285
593.783
594.26
594.717
595.154
595.569
595.963
596.336
596.688
597.017
597.325
597.611
597.874
598.115
598.333
598.529
598.702
598.852
598.979
599.083
599.164
599.222
599.256
599.268
542.503
542.521
542.575
542.665
542.792
542.953
543.15
543.382
543.649
543.949
544.283
544.65
545.048
545.478
545.939
546.429
546.948
547.495
548.069
548.669
549.294
549.943
550.615
551.309
552.023
552.758
553.51
554.281
555.067
555.869
556.685
557.514
558.355
559.206
560.068
560.938
561.815
562.699
563.589
564.483
565.38
566.28
567.182
568.084
568.986
569.886
570.784
571.679
572.571
573.457
574.338
575.213
576.081
576.941
577.792
578.634
579.466
580.288
581.098
581.897
582.683
583.456
584.215
584.961
585.692
586.407
587.107
587.791
588.458
589.108
589.741
590.356
590.952
591.53
592.089
592.629
593.149
593.649
594.129
594.589
595.027
595.445
595.841
596.216
596.569
596.9
597.209
597.496
597.76
598.002
598.222
598.418
598.592
598.743
598.871
598.975
599.056
599.115
599.15
599.161
541.836
541.855
541.91
542.002
542.13
542.295
542.495
542.731
543.002
543.307
543.647
544.019
544.424
544.861
545.329
545.827
546.354
546.909
547.492
548.101
548.735
549.393
550.074
550.778
551.502
552.246
553.009
553.789
554.586
555.398
556.224
557.063
557.913
558.775
559.646
560.526
561.413
562.307
563.206
564.109
565.016
565.925
566.835
567.746
568.656
569.565
570.471
571.374
572.273
573.168
574.056
574.938
575.813
576.68
577.538
578.386
579.225
580.052
580.869
581.673
582.465
583.243
584.008
584.758
585.494
586.214
586.919
587.607
588.278
588.932
589.569
590.188
590.788
591.369
591.932
592.475
592.998
593.501
593.983
594.445
594.886
595.306
595.704
596.081
596.436
596.769
597.08
597.368
597.634
597.877
598.098
598.296
598.47
598.622
598.75
598.855
598.937
598.995
599.03
599.042
541.098
541.117
541.173
541.266
541.397
541.565
541.769
542.009
542.285
542.596
542.941
543.32
543.733
544.177
544.653
545.159
545.695
546.26
546.852
547.471
548.115
548.784
549.476
550.19
550.925
551.681
552.454
553.246
554.054
554.877
555.714
556.564
557.426
558.299
559.181
560.071
560.969
561.874
562.783
563.697
564.614
565.532
566.453
567.373
568.293
569.211
570.126
571.038
571.946
572.848
573.745
574.635
575.517
576.392
577.257
578.113
578.958
579.793
580.616
581.427
582.224
583.009
583.779
584.535
585.276
586.002
586.711
587.404
588.08
588.739
589.38
590.002
590.607
591.192
591.758
592.304
592.831
593.337
593.822
594.287
594.731
595.153
595.554
595.933
596.29
596.625
596.937
597.227
597.495
597.74
597.961
598.16
598.336
598.488
598.617
598.723
598.805
598.864
598.899
598.911
540.286
540.305
540.363
540.458
540.591
540.762
540.971
541.216
541.497
541.814
542.166
542.553
542.973
543.426
543.911
544.427
544.973
545.548
546.151
546.78
547.436
548.116
548.82
549.546
550.293
551.061
551.847
552.65
553.471
554.306
555.156
556.018
556.892
557.777
558.671
559.574
560.484
561.4
562.32
563.245
564.173
565.103
566.034
566.965
567.895
568.823
569.749
570.67
571.587
572.499
573.405
574.304
575.195
576.077
576.951
577.815
578.668
579.51
580.34
581.157
581.962
582.753
583.53
584.292
585.039
585.77
586.485
587.183
587.864
588.528
589.173
589.8
590.409
590.998
591.568
592.118
592.648
593.158
593.647
594.115
594.561
594.986
595.39
595.771
596.13
596.467
596.782
597.074
597.343
597.589
597.812
598.012
598.189
598.342
598.472
598.578
598.661
598.72
598.756
598.768
539.401
539.42
539.479
539.576
539.713
539.887
540.1
540.351
540.638
540.962
541.322
541.716
542.145
542.608
543.103
543.629
544.186
544.772
545.387
546.029
546.697
547.389
548.106
548.845
549.606
550.386
551.186
552.003
552.837
553.686
554.549
555.425
556.313
557.211
558.118
559.034
559.956
560.885
561.818
562.756
563.696
564.638
565.58
566.523
567.464
568.403
569.339
570.271
571.199
572.121
573.036
573.945
574.845
575.737
576.619
577.491
578.353
579.203
580.04
580.866
581.678
582.476
583.259
584.028
584.781
585.519
586.239
586.943
587.63
588.299
588.949
589.582
590.195
590.789
591.363
591.917
592.451
592.964
593.457
593.928
594.377
594.805
595.212
595.596
595.958
596.297
596.614
596.908
597.179
597.426
597.651
597.852
598.03
598.184
598.315
598.422
598.505
598.565
598.601
598.612
538.441
538.461
538.521
538.621
538.76
538.939
539.157
539.413
539.707
540.039
540.406
540.81
541.249
541.721
542.227
542.765
543.334
543.933
544.56
545.215
545.897
546.603
547.334
548.088
548.863
549.658
550.472
551.304
552.153
553.016
553.894
554.785
555.687
556.599
557.521
558.451
559.387
560.33
561.277
562.228
563.181
564.136
565.091
566.046
566.999
567.951
568.898
569.842
570.781
571.713
572.639
573.558
574.468
575.37
576.262
577.143
578.013
578.872
579.718
580.552
581.372
582.177
582.968
583.744
584.504
585.248
585.975
586.686
587.378
588.053
588.709
589.346
589.964
590.563
591.142
591.701
592.239
592.756
593.252
593.727
594.18
594.611
595.02
595.407
595.772
596.114
596.433
596.729
597.002
597.251
597.477
597.68
597.859
598.015
598.146
598.254
598.338
598.398
598.434
598.446
537.405
537.426
537.487
537.59
537.733
537.916
538.139
538.402
538.703
539.043
539.42
539.833
540.283
540.767
541.284
541.835
542.416
543.029
543.67
544.34
545.036
545.758
546.504
547.273
548.064
548.875
549.705
550.553
551.417
552.297
553.191
554.097
555.015
555.943
556.88
557.825
558.777
559.735
560.696
561.662
562.629
563.598
564.567
565.535
566.502
567.466
568.426
569.382
570.333
571.277
572.215
573.144
574.065
574.977
575.879
576.771
577.651
578.519
579.374
580.216
581.044
581.858
582.657
583.441
584.208
584.959
585.693
586.41
587.109
587.79
588.452
589.095
589.718
590.322
590.906
591.469
592.012
592.533
593.033
593.512
593.969
594.403
594.816
595.206
595.573
595.918
596.239
596.538
596.813
597.064
597.292
597.496
597.677
597.833
597.966
598.074
598.159
598.219
598.255
598.267
536.293
536.314
536.377
536.482
536.629
536.818
537.047
537.317
537.626
537.975
538.361
538.786
539.246
539.742
540.273
540.837
541.433
542.06
542.717
543.402
544.114
544.852
545.615
546.401
547.209
548.037
548.884
549.75
550.631
551.528
552.439
553.363
554.298
555.243
556.196
557.158
558.126
559.099
560.077
561.058
562.041
563.024
564.008
564.991
565.971
566.949
567.923
568.892
569.855
570.812
571.762
572.703
573.636
574.559
575.472
576.374
577.264
578.142
579.007
579.858
580.696
581.518
582.326
583.117
583.893
584.651
585.393
586.117
586.822
587.509
588.178
588.827
589.456
590.065
590.654
591.223
591.77
592.296
592.801
593.283
593.744
594.182
594.598
594.992
595.362
595.709
596.034
596.334
596.611
596.865
597.095
597.301
597.482
597.64
597.774
597.883
597.968
598.029
598.066
598.078
535.103
535.125
535.19
535.298
535.449
535.643
535.879
536.156
536.474
536.832
537.23
537.666
538.139
538.648
539.193
539.772
540.383
541.026
541.699
542.401
543.131
543.887
544.667
545.471
546.298
547.144
548.01
548.894
549.795
550.71
551.64
552.581
553.535
554.498
555.469
556.449
557.434
558.425
559.419
560.416
561.416
562.415
563.415
564.413
565.408
566.401
567.389
568.372
569.349
570.319
571.282
572.236
573.181
574.116
575.04
575.954
576.855
577.743
578.618
579.48
580.326
581.158
581.975
582.775
583.559
584.325
585.075
585.806
586.519
587.213
587.888
588.543
589.179
589.794
590.388
590.962
591.514
592.045
592.554
593.041
593.506
593.948
594.368
594.765
595.138
595.489
595.816
596.119
596.398
596.654
596.886
597.093
597.277
597.436
597.57
597.681
597.767
597.828
597.865
597.877
533.834
533.856
533.923
534.035
534.191
534.39
534.633
534.919
535.246
535.615
536.024
536.473
536.96
537.483
538.043
538.638
539.266
539.926
540.617
541.338
542.086
542.861
543.661
544.485
545.33
546.197
547.083
547.987
548.907
549.843
550.792
551.753
552.726
553.708
554.699
555.697
556.701
557.71
558.723
559.738
560.754
561.771
562.787
563.801
564.813
565.821
566.824
567.822
568.814
569.798
570.775
571.742
572.7
573.648
574.585
575.51
576.422
577.322
578.208
579.08
579.937
580.778
581.604
582.414
583.206
583.982
584.739
585.478
586.199
586.9
587.582
588.244
588.886
589.507
590.108
590.687
591.245
591.781
592.294
592.786
593.255
593.702
594.125
594.526
594.903
595.256
595.586
595.892
596.174
596.432
596.665
596.875
597.06
597.22
597.356
597.467
597.554
597.616
597.653
597.665
532.485
532.508
532.577
532.692
532.853
533.059
533.31
533.604
533.942
534.322
534.744
535.206
535.708
536.247
536.824
537.435
538.082
538.76
539.471
540.211
540.979
541.775
542.595
543.44
544.307
545.195
546.102
547.027
547.969
548.926
549.896
550.879
551.872
552.875
553.886
554.905
555.928
556.957
557.988
559.022
560.057
561.092
562.126
563.157
564.186
565.211
566.23
567.244
568.251
569.25
570.241
571.222
572.194
573.155
574.105
575.042
575.967
576.879
577.776
578.659
579.527
580.379
581.215
582.034
582.836
583.62
584.386
585.133
585.862
586.571
587.26
587.929
588.578
589.206
589.813
590.398
590.961
591.502
592.021
592.518
592.992
593.442
593.87
594.274
594.655
595.012
595.344
595.653
595.938
596.198
596.434
596.645
596.832
596.994
597.131
597.243
597.33
597.393
597.43
597.443
531.054
531.078
531.149
531.268
531.435
531.647
531.906
532.211
532.56
532.952
533.388
533.865
534.382
534.938
535.533
536.163
536.829
537.528
538.258
539.02
539.81
540.627
541.47
542.337
543.227
544.138
545.068
546.016
546.981
547.96
548.953
549.958
550.973
551.998
553.031
554.071
555.115
556.164
557.216
558.27
559.325
560.379
561.431
562.481
563.528
564.57
565.606
566.636
567.659
568.674
569.681
570.677
571.663
572.639
573.602
574.553
575.49
576.414
577.324
578.218
579.097
579.96
580.806
581.636
582.447
583.241
584.016
584.772
585.509
586.226
586.923
587.6
588.256
588.89
589.503
590.095
590.664
591.211
591.735
592.237
592.715
593.171
593.603
594.011
594.395
594.755
595.091
595.403
595.691
595.953
596.191
596.405
596.593
596.756
596.895
597.008
597.096
597.159
597.197
597.21
529.54
529.565
529.639
529.762
529.934
530.154
530.422
530.737
531.098
531.504
531.955
532.447
532.982
533.556
534.17
534.82
535.507
536.227
536.98
537.764
538.578
539.419
540.286
541.177
542.091
543.026
543.98
544.953
545.942
546.945
547.962
548.991
550.03
551.078
552.134
553.196
554.263
555.334
556.407
557.482
558.557
559.631
560.704
561.773
562.838
563.898
564.953
566.001
567.041
568.072
569.095
570.107
571.108
572.098
573.076
574.04
574.992
575.928
576.851
577.757
578.648
579.522
580.38
581.22
582.041
582.845
583.63
584.395
585.141
585.866
586.571
587.256
587.919
588.561
589.181
589.778
590.354
590.907
591.437
591.943
592.427
592.887
593.323
593.736
594.124
594.488
594.827
595.142
595.432
595.698
595.938
596.154
596.344
596.509
596.649
596.763
596.852
596.916
596.954
596.966
527.941
527.966
528.043
528.171
528.349
528.578
528.856
529.182
529.556
529.977
530.443
530.953
531.506
532.1
532.734
533.406
534.115
534.859
535.636
536.444
537.282
538.148
539.041
539.958
540.898
541.859
542.839
543.838
544.852
545.881
546.924
547.978
549.042
550.114
551.194
552.28
553.371
554.465
555.561
556.658
557.755
558.85
559.943
561.033
562.118
563.198
564.271
565.337
566.395
567.444
568.483
569.512
570.529
571.535
572.527
573.506
574.472
575.422
576.357
577.277
578.18
579.066
579.935
580.786
581.619
582.432
583.227
584.002
584.757
585.491
586.205
586.897
587.568
588.217
588.844
589.449
590.031
590.59
591.125
591.638
592.126
592.592
593.033
593.449
593.842
594.209
594.552
594.87
595.164
595.432
595.674
595.892
596.084
596.251
596.392
596.508
596.597
596.662
596.7
596.713
526.255
526.281
526.361
526.494
526.679
526.917
527.205
527.544
527.932
528.368
528.852
529.38
529.953
530.569
531.225
531.92
532.653
533.422
534.224
535.059
535.923
536.817
537.736
538.681
539.648
540.637
541.645
542.671
543.713
544.769
545.838
546.919
548.009
549.108
550.214
551.325
552.44
553.559
554.678
555.799
556.918
558.036
559.151
560.262
561.368
562.468
563.561
564.646
565.723
566.79
567.847
568.893
569.927
570.948
571.956
572.951
573.931
574.895
575.844
576.777
577.693
578.592
579.473
580.335
581.179
582.003
582.808
583.593
584.358
585.101
585.824
586.524
587.204
587.86
588.495
589.106
589.695
590.26
590.802
591.32
591.814
592.285
592.73
593.152
593.548
593.92
594.267
594.588
594.884
595.155
595.401
595.62
595.815
595.983
596.126
596.242
596.333
596.398
596.437
596.45
524.48
524.508
524.591
524.729
524.922
525.169
525.469
525.821
526.224
526.677
527.179
527.728
528.322
528.961
529.641
530.361
531.12
531.915
532.745
533.607
534.501
535.423
536.371
537.345
538.342
539.36
540.397
541.452
542.523
543.609
544.706
545.815
546.933
548.059
549.192
550.33
551.471
552.615
553.76
554.905
556.048
557.19
558.327
559.461
560.588
561.709
562.823
563.929
565.025
566.111
567.186
568.25
569.301
570.34
571.364
572.374
573.369
574.349
575.312
576.259
577.188
578.1
578.993
579.868
580.723
581.559
582.374
583.169
583.944
584.697
585.429
586.138
586.826
587.491
588.133
588.752
589.347
589.919
590.467
590.991
591.491
591.967
592.417
592.843
593.244
593.62
593.971
594.296
594.595
594.869
595.117
595.339
595.535
595.705
595.849
595.967
596.059
596.125
596.164
596.177
522.614
522.643
522.73
522.874
523.075
523.332
523.644
524.011
524.431
524.902
525.424
525.995
526.612
527.275
527.981
528.728
529.515
530.339
531.198
532.09
533.014
533.966
534.946
535.951
536.979
538.028
539.097
540.183
541.284
542.4
543.528
544.666
545.814
546.969
548.13
549.295
550.464
551.635
552.806
553.977
555.145
556.311
557.473
558.629
559.78
560.923
562.058
563.185
564.301
565.407
566.502
567.584
568.653
569.709
570.751
571.777
572.788
573.783
574.762
575.723
576.666
577.591
578.497
579.384
580.251
581.098
581.925
582.731
583.516
584.279
585.02
585.739
586.435
587.108
587.758
588.385
588.987
589.566
590.121
590.651
591.157
591.638
592.094
592.525
592.93
593.31
593.664
593.993
594.296
594.573
594.823
595.048
595.246
595.418
595.564
595.683
595.776
595.842
595.882
595.895
520.655
520.685
520.776
520.926
521.136
521.404
521.73
522.112
522.55
523.042
523.585
524.179
524.822
525.511
526.244
527.02
527.837
528.691
529.582
530.506
531.462
532.447
533.46
534.498
535.559
536.641
537.743
538.862
539.996
541.143
542.303
543.473
544.651
545.837
547.028
548.222
549.42
550.619
551.817
553.015
554.21
555.401
556.588
557.769
558.943
560.109
561.267
562.415
563.553
564.679
565.794
566.895
567.983
569.057
570.117
571.16
572.188
573.199
574.192
575.168
576.126
577.065
577.984
578.884
579.764
580.623
581.462
582.279
583.074
583.847
584.598
585.326
586.031
586.713
587.371
588.006
588.616
589.202
589.763
590.3
590.811
591.298
591.76
592.195
592.606
592.99
593.348
593.681
593.987
594.267
594.52
594.748
594.948
595.122
595.269
595.39
595.484
595.551
595.591
595.604
518.6
518.631
518.726
518.883
519.102
519.383
519.724
520.123
520.58
521.093
521.66
522.279
522.949
523.666
524.43
525.237
526.085
526.972
527.896
528.855
529.845
530.866
531.913
532.986
534.083
535.2
536.336
537.49
538.658
539.84
541.033
542.236
543.446
544.664
545.886
547.111
548.339
549.567
550.794
552.02
553.242
554.46
555.673
556.879
558.078
559.268
560.449
561.62
562.78
563.928
565.063
566.185
567.292
568.385
569.463
570.524
571.569
572.596
573.606
574.597
575.57
576.523
577.456
578.369
579.262
580.134
580.984
581.812
582.619
583.402
584.163
584.901
585.616
586.306
586.973
587.615
588.233
588.826
589.395
589.938
590.456
590.949
591.416
591.857
592.272
592.66
593.023
593.359
593.669
593.952
594.209
594.438
594.641
594.817
594.966
595.088
595.183
595.251
595.291
595.305
516.446
516.479
516.578
516.743
516.973
517.266
517.623
518.041
518.519
519.055
519.647
520.294
520.992
521.741
522.536
523.376
524.259
525.181
526.141
527.136
528.163
529.221
530.306
531.416
532.55
533.704
534.877
536.067
537.272
538.489
539.717
540.955
542.2
543.45
544.705
545.963
547.222
548.48
549.738
550.993
552.243
553.489
554.729
555.962
557.186
558.401
559.607
560.801
561.983
563.153
564.31
565.453
566.58
567.693
568.789
569.869
570.931
571.976
573.002
574.009
574.997
575.965
576.913
577.84
578.745
579.63
580.492
581.333
582.15
582.945
583.716
584.464
585.188
585.888
586.563
587.214
587.84
588.441
589.016
589.566
590.091
590.589
591.062
591.508
591.928
592.322
592.689
593.029
593.342
593.629
593.888
594.12
594.325
594.503
594.654
594.777
594.873
594.942
594.983
594.997
514.19
514.225
514.329
514.502
514.743
515.051
515.425
515.863
516.364
516.925
517.545
518.221
518.951
519.732
520.562
521.438
522.357
523.317
524.316
525.349
526.416
527.513
528.638
529.788
530.961
532.154
533.366
534.595
535.837
537.092
538.357
539.631
540.911
542.197
543.486
544.777
546.069
547.36
548.649
549.934
551.214
552.489
553.757
555.017
556.268
557.509
558.739
559.958
561.164
562.357
563.536
564.7
565.849
566.981
568.097
569.195
570.276
571.338
572.381
573.405
574.409
575.392
576.354
577.295
578.215
579.112
579.988
580.84
581.669
582.475
583.257
584.015
584.749
585.458
586.143
586.802
587.436
588.045
588.627
589.184
589.715
590.22
590.699
591.15
591.576
591.974
592.345
592.69
593.007
593.296
593.559
593.794
594.002
594.182
594.334
594.459
594.556
594.625
594.667
594.681
511.83
511.866
511.976
512.158
512.411
512.734
513.127
513.587
514.113
514.701
515.351
516.059
516.822
517.639
518.506
519.42
520.379
521.38
522.419
523.494
524.603
525.742
526.908
528.1
529.315
530.55
531.803
533.072
534.355
535.649
536.953
538.265
539.583
540.905
542.23
543.556
544.882
546.206
547.527
548.844
550.155
551.46
552.757
554.046
555.324
556.592
557.848
559.092
560.323
561.539
562.741
563.927
565.097
566.251
567.386
568.504
569.604
570.684
571.745
572.785
573.805
574.804
575.782
576.737
577.671
578.582
579.47
580.335
581.176
581.994
582.787
583.555
584.299
585.018
585.712
586.38
587.022
587.639
588.229
588.793
589.331
589.842
590.327
590.784
591.214
591.618
591.993
592.342
592.663
592.956
593.222
593.46
593.67
593.852
594.006
594.132
594.231
594.301
594.343
594.357
509.361
509.399
509.514
509.706
509.973
510.313
510.727
511.21
511.763
512.381
513.063
513.805
514.605
515.461
516.368
517.323
518.324
519.368
520.451
521.571
522.724
523.907
525.119
526.355
527.614
528.893
530.189
531.501
532.826
534.161
535.506
536.857
538.214
539.575
540.937
542.299
543.661
545.02
546.375
547.724
549.068
550.404
551.731
553.048
554.355
555.651
556.934
558.204
559.46
560.7
561.926
563.135
564.327
565.502
566.658
567.796
568.915
570.014
571.093
572.15
573.187
574.202
575.195
576.166
577.114
578.039
578.94
579.818
580.672
581.501
582.305
583.085
583.839
584.568
585.271
585.948
586.599
587.223
587.821
588.393
588.938
589.455
589.946
590.409
590.845
591.253
591.634
591.986
592.311
592.608
592.877
593.118
593.33
593.515
593.671
593.799
593.898
593.969
594.011
594.026
506.779
506.82
506.941
507.143
507.425
507.784
508.22
508.73
509.311
509.962
510.678
511.458
512.298
513.195
514.145
515.145
516.191
517.281
518.411
519.578
520.779
522.01
523.268
524.552
525.857
527.182
528.524
529.881
531.25
532.629
534.016
535.409
536.807
538.207
539.608
541.009
542.407
543.802
545.192
546.576
547.952
549.32
550.679
552.027
553.363
554.687
555.998
557.294
558.576
559.842
561.092
562.324
563.539
564.736
565.914
567.072
568.211
569.329
570.426
571.501
572.555
573.587
574.596
575.582
576.545
577.484
578.399
579.29
580.156
580.997
581.813
582.604
583.369
584.108
584.82
585.507
586.166
586.799
587.405
587.984
588.536
589.06
589.557
590.026
590.468
590.881
591.266
591.623
591.952
592.253
592.525
592.768
592.984
593.17
593.328
593.457
593.558
593.63
593.673
593.687
504.08
504.123
504.252
504.466
504.763
505.143
505.603
506.141
506.755
507.44
508.195
509.016
509.899
510.84
511.836
512.884
513.98
515.119
516.299
517.516
518.767
520.049
521.358
522.691
524.046
525.419
526.809
528.213
529.628
531.053
532.484
533.921
535.361
536.803
538.245
539.684
541.121
542.553
543.98
545.399
546.809
548.211
549.601
550.981
552.347
553.701
555.04
556.364
557.672
558.964
560.239
561.496
562.734
563.953
565.153
566.332
567.491
568.629
569.745
570.839
571.91
572.959
573.984
574.986
575.964
576.918
577.847
578.751
579.63
580.483
581.311
582.113
582.889
583.638
584.361
585.056
585.725
586.366
586.98
587.567
588.126
588.657
589.161
589.636
590.083
590.501
590.891
591.253
591.586
591.89
592.166
592.412
592.63
592.819
592.979
593.11
593.211
593.284
593.328
593.342
501.26
501.305
501.442
501.669
501.984
502.386
502.873
503.443
504.091
504.815
505.611
506.476
507.405
508.395
509.441
510.54
511.688
512.881
514.114
515.385
516.69
518.025
519.387
520.773
522.18
523.605
525.045
526.498
527.962
529.434
530.912
532.394
533.879
535.364
536.847
538.328
539.805
541.275
542.739
544.195
545.641
547.076
548.5
549.912
551.31
552.693
554.062
555.414
556.75
558.068
559.368
560.65
561.912
563.155
564.377
565.578
566.757
567.915
569.05
570.163
571.252
572.318
573.361
574.378
575.372
576.34
577.283
578.201
579.093
579.96
580.799
581.613
582.4
583.159
583.892
584.597
585.275
585.925
586.548
587.142
587.709
588.247
588.756
589.238
589.69
590.114
590.509
590.875
591.213
591.521
591.8
592.049
592.27
592.461
592.623
592.755
592.858
592.932
592.976
592.991
498.313
498.361
498.506
498.747
499.082
499.509
500.026
500.629
501.315
502.081
502.923
503.835
504.815
505.857
506.958
508.112
509.317
510.566
511.857
513.185
514.547
515.939
517.357
518.799
520.26
521.739
523.233
524.738
526.252
527.774
529.301
530.83
532.36
533.89
535.417
536.94
538.458
539.969
541.471
542.964
544.447
545.918
547.376
548.821
550.251
551.665
553.064
554.445
555.809
557.155
558.481
559.788
561.075
562.341
563.586
564.809
566.01
567.188
568.343
569.475
570.583
571.666
572.726
573.76
574.769
575.752
576.71
577.642
578.548
579.427
580.279
581.104
581.902
582.673
583.416
584.131
584.818
585.477
586.107
586.71
587.284
587.829
588.345
588.833
589.291
589.721
590.121
590.492
590.833
591.145
591.427
591.68
591.903
592.097
592.261
592.395
592.499
592.574
592.618
592.633
495.233
495.285
495.439
495.696
496.052
496.507
497.056
497.697
498.425
499.237
500.127
501.092
502.127
503.226
504.385
505.599
506.864
508.175
509.527
510.916
512.339
513.791
515.269
516.769
518.288
519.824
521.373
522.932
524.5
526.073
527.65
529.229
530.807
532.384
533.956
535.523
537.083
538.635
540.178
541.709
543.229
544.737
546.23
547.709
549.172
550.618
552.048
553.459
554.852
556.225
557.578
558.911
560.223
561.513
562.781
564.027
565.249
566.449
567.624
568.775
569.902
571.003
572.08
573.131
574.156
575.155
576.128
577.074
577.993
578.885
579.75
580.587
581.396
582.178
582.931
583.656
584.353
585.021
585.66
586.271
586.852
587.405
587.928
588.422
588.886
589.321
589.726
590.102
590.447
590.763
591.049
591.305
591.531
591.727
591.893
592.029
592.134
592.21
592.255
592.27
492.014
492.07
492.235
492.508
492.889
493.374
493.959
494.641
495.415
496.278
497.222
498.244
499.339
500.5
501.722
503.001
504.33
505.706
507.124
508.578
510.065
511.581
513.122
514.684
516.265
517.86
519.467
521.083
522.706
524.334
525.963
527.593
529.221
530.845
532.464
534.077
535.681
537.275
538.859
540.431
541.989
543.534
545.063
546.577
548.074
549.553
551.014
552.456
553.878
555.279
556.66
558.02
559.357
560.672
561.964
563.232
564.477
565.698
566.893
568.064
569.21
570.33
571.424
572.492
573.534
574.548
575.536
576.497
577.43
578.335
579.213
580.062
580.883
581.676
582.44
583.175
583.881
584.558
585.206
585.825
586.414
586.974
587.504
588.004
588.475
588.915
589.326
589.706
590.056
590.376
590.665
590.925
591.153
591.352
591.52
591.657
591.764
591.84
591.886
591.902
488.65
488.709
488.885
489.179
489.586
490.104
490.729
491.457
492.283
493.2
494.204
495.289
496.448
497.676
498.967
500.315
501.715
503.161
504.648
506.172
507.728
509.311
510.919
512.546
514.191
515.848
517.516
519.192
520.873
522.557
524.241
525.923
527.603
529.277
530.944
532.603
534.253
535.891
537.517
539.13
540.728
542.311
543.877
545.427
546.958
548.47
549.963
551.436
552.888
554.319
555.728
557.114
558.478
559.818
561.134
562.426
563.693
564.936
566.152
567.344
568.509
569.647
570.759
571.845
572.903
573.933
574.936
575.912
576.859
577.778
578.668
579.53
580.363
581.167
581.941
582.687
583.403
584.089
584.746
585.373
585.97
586.538
587.075
587.581
588.058
588.504
588.92
589.305
589.659
589.983
590.276
590.539
590.771
590.971
591.141
591.28
591.389
591.466
591.513
591.528
485.131
485.194
485.384
485.699
486.136
486.692
487.362
488.141
489.022
490.001
491.07
492.223
493.454
494.755
496.12
497.543
499.018
500.539
502.101
503.698
505.327
506.982
508.66
510.356
512.068
513.791
515.523
517.26
519.001
520.743
522.484
524.222
525.954
527.68
529.397
531.104
532.8
534.483
536.153
537.807
539.446
541.068
542.673
544.259
545.825
547.372
548.898
550.403
551.885
553.346
554.783
556.197
557.587
558.952
560.293
561.609
562.899
564.164
565.402
566.613
567.798
568.956
570.086
571.189
572.264
573.311
574.329
575.319
576.281
577.213
578.117
578.991
579.836
580.651
581.437
582.193
582.919
583.615
584.28
584.916
585.521
586.096
586.64
587.153
587.636
588.088
588.509
588.899
589.258
589.586
589.883
590.149
590.383
590.586
590.759
590.899
591.009
591.087
591.134
591.15
481.449
481.517
481.722
482.062
482.532
483.13
483.85
484.685
485.629
486.676
487.817
489.045
490.353
491.733
493.179
494.683
496.239
497.84
499.482
501.159
502.865
504.596
506.347
508.116
509.898
511.689
513.487
515.29
517.093
518.896
520.695
522.49
524.277
526.056
527.824
529.581
531.324
533.054
534.768
536.466
538.146
539.808
541.451
543.075
544.677
546.259
547.818
549.355
550.869
552.359
553.826
555.268
556.685
558.076
559.442
560.782
562.095
563.382
564.642
565.874
567.079
568.256
569.405
570.525
571.617
572.68
573.715
574.72
575.696
576.642
577.559
578.446
579.303
580.13
580.927
581.693
582.429
583.134
583.809
584.453
585.067
585.649
586.2
586.72
587.209
587.667
588.093
588.488
588.852
589.184
589.485
589.754
589.991
590.197
590.371
590.514
590.625
590.704
590.752
590.768
477.594
477.668
477.89
478.257
478.766
479.411
480.186
481.085
482.099
483.22
484.441
485.751
487.144
488.611
490.144
491.736
493.379
495.067
496.794
498.554
500.342
502.153
503.982
505.827
507.682
509.545
511.413
513.282
515.151
517.016
518.876
520.729
522.573
524.406
526.227
528.035
529.828
531.604
533.364
535.106
536.829
538.532
540.214
541.876
543.515
545.132
546.725
548.295
549.841
551.362
552.858
554.328
555.772
557.19
558.582
559.946
561.283
562.592
563.874
565.127
566.352
567.549
568.716
569.855
570.964
572.044
573.094
574.114
575.105
576.065
576.996
577.895
578.765
579.604
580.412
581.189
581.935
582.65
583.333
583.986
584.608
585.198
585.756
586.283
586.778
587.242
587.674
588.074
588.442
588.778
589.083
589.355
589.596
589.804
589.981
590.125
590.237
590.317
590.366
590.382
473.555
473.635
473.876
474.275
474.826
475.525
476.363
477.333
478.425
479.63
480.939
482.34
483.827
485.388
487.016
488.702
490.438
492.219
494.037
495.885
497.76
499.656
501.567
503.491
505.424
507.362
509.301
511.24
513.176
515.106
517.029
518.942
520.844
522.734
524.609
526.468
528.311
530.136
531.943
533.729
535.496
537.24
538.963
540.663
542.34
543.992
545.621
547.224
548.802
550.354
551.88
553.379
554.851
556.295
557.712
559.102
560.462
561.795
563.098
564.373
565.619
566.835
568.021
569.178
570.305
571.401
572.467
573.503
574.509
575.483
576.427
577.34
578.222
579.072
579.892
580.679
581.436
582.16
582.853
583.515
584.145
584.742
585.308
585.842
586.344
586.813
587.25
587.656
588.028
588.369
588.677
588.953
589.197
589.408
589.586
589.732
589.846
589.927
589.976
589.992
469.318
469.406
469.669
470.104
470.704
471.464
472.374
473.424
474.603
475.902
477.307
478.81
480.398
482.063
483.793
485.581
487.419
489.298
491.213
493.156
495.122
497.107
499.105
501.112
503.125
505.14
507.155
509.166
511.171
513.169
515.156
517.131
519.093
521.04
522.97
524.883
526.777
528.652
530.506
532.338
534.148
535.935
537.699
539.438
541.153
542.842
544.506
546.143
547.753
549.337
550.893
552.421
553.921
555.393
556.836
558.25
559.635
560.991
562.317
563.613
564.879
566.115
567.32
568.495
569.64
570.753
571.836
572.887
573.908
574.897
575.854
576.78
577.674
578.537
579.368
580.166
580.933
581.667
582.37
583.04
583.678
584.283
584.857
585.397
585.905
586.381
586.824
587.234
587.612
587.957
588.269
588.548
588.794
589.008
589.189
589.337
589.452
589.534
589.583
589.6
464.869
464.966
465.254
465.73
466.387
467.217
468.208
469.349
470.627
472.03
473.544
475.158
476.859
478.636
480.478
482.377
484.323
486.308
488.325
490.368
492.431
494.509
496.598
498.692
500.789
502.885
504.977
507.062
509.139
511.206
513.259
515.298
517.321
519.327
521.314
523.281
525.227
527.152
529.054
530.933
532.788
534.619
536.424
538.203
539.956
541.682
543.381
545.053
546.696
548.311
549.898
551.456
552.984
554.483
555.953
557.392
558.801
560.18
561.529
562.847
564.134
565.39
566.615
567.808
568.97
570.101
571.2
572.267
573.303
574.306
575.277
576.216
577.123
577.998
578.84
579.65
580.426
581.171
581.883
582.562
583.208
583.822
584.402
584.95
585.464
585.946
586.394
586.81
587.192
587.541
587.857
588.14
588.389
588.606
588.789
588.938
589.055
589.138
589.188
589.205
460.19
460.297
460.615
461.14
461.862
462.772
463.856
465.101
466.491
468.011
469.647
471.383
473.208
475.108
477.072
479.09
481.152
483.25
485.376
487.525
489.69
491.866
494.049
496.234
498.418
500.597
502.769
504.932
507.083
509.22
511.341
513.445
515.531
517.597
519.641
521.664
523.664
525.64
527.591
529.517
531.418
533.292
535.139
536.958
538.75
540.514
542.249
543.955
545.632
547.279
548.897
550.484
552.041
553.568
555.064
556.529
557.963
559.365
560.737
562.076
563.384
564.661
565.905
567.117
568.297
569.445
570.56
571.643
572.694
573.712
574.697
575.649
576.569
577.456
578.309
579.13
579.917
580.672
581.393
582.081
582.736
583.357
583.945
584.5
585.021
585.508
585.962
586.383
586.77
587.124
587.443
587.73
587.982
588.201
588.386
588.538
588.656
588.74
588.791
588.807
455.261
455.38
455.733
456.314
457.114
458.117
459.309
460.672
462.189
463.842
465.613
467.486
469.447
471.481
473.577
475.723
477.909
480.128
482.37
484.63
486.902
489.181
491.462
493.741
496.015
498.281
500.536
502.778
505.005
507.214
509.405
511.576
513.725
515.852
517.956
520.035
522.088
524.116
526.118
528.092
530.038
531.956
533.846
535.706
537.537
539.339
541.11
542.851
544.562
546.241
547.89
549.507
551.093
552.648
554.17
555.661
557.12
558.546
559.94
561.302
562.631
563.928
565.191
566.422
567.621
568.786
569.918
571.017
572.082
573.115
574.114
575.08
576.012
576.911
577.776
578.608
579.406
580.17
580.901
581.598
582.261
582.89
583.486
584.047
584.575
585.069
585.529
585.954
586.346
586.704
587.028
587.317
587.573
587.795
587.982
588.136
588.255
588.34
588.391
588.408
450.059
450.191
450.586
451.235
452.124
453.237
454.554
456.055
457.716
459.518
461.441
463.466
465.577
467.758
469.996
472.28
474.6
476.946
479.311
481.689
484.073
486.459
488.842
491.219
493.586
495.941
498.281
500.604
502.908
505.192
507.454
509.692
511.907
514.096
516.259
518.395
520.504
522.584
524.636
526.658
528.651
530.614
532.546
534.448
536.319
538.158
539.966
541.742
543.487
545.199
546.879
548.527
550.142
551.724
553.273
554.79
556.273
557.724
559.141
560.525
561.875
563.192
564.475
565.725
566.942
568.124
569.273
570.388
571.469
572.516
573.529
574.508
575.453
576.364
577.241
578.084
578.892
579.667
580.407
581.113
581.785
582.422
583.025
583.594
584.128
584.628
585.093
585.524
585.921
586.283
586.611
586.904
587.163
587.387
587.577
587.732
587.853
587.939
587.991
588.008
444.554
444.703
445.148
445.878
446.875
448.118
449.581
451.24
453.068
455.04
457.133
459.326
461.601
463.942
466.335
468.767
471.229
473.71
476.205
478.705
481.206
483.704
486.193
488.67
491.134
493.58
496.007
498.413
500.797
503.156
505.49
507.798
510.078
512.33
514.554
516.747
518.911
521.045
523.148
525.219
527.259
529.266
531.242
533.185
535.096
536.974
538.818
540.63
542.408
544.153
545.865
547.543
549.187
550.797
552.374
553.916
555.425
556.899
558.339
559.745
561.117
562.454
563.758
565.026
566.261
567.461
568.626
569.757
570.853
571.915
572.942
573.935
574.893
575.816
576.705
577.559
578.378
579.162
579.912
580.627
581.307
581.952
582.563
583.139
583.68
584.186
584.657
585.093
585.494
585.861
586.193
586.489
586.751
586.978
587.17
587.327
587.45
587.537
587.589
587.606
438.711
438.882
439.388
440.216
441.344
442.741
444.378
446.222
448.24
450.405
452.689
455.069
457.526
460.04
462.599
465.19
467.802
470.427
473.057
475.686
478.309
480.921
483.52
486.101
488.663
491.203
493.719
496.21
498.674
501.11
503.517
505.895
508.242
510.558
512.842
515.094
517.314
519.501
521.655
523.776
525.863
527.916
529.935
531.92
533.87
535.786
537.668
539.515
541.328
543.106
544.849
546.557
548.231
549.869
551.473
553.041
554.575
556.073
557.536
558.965
560.358
561.716
563.039
564.326
565.579
566.796
567.978
569.125
570.237
571.314
572.355
573.361
574.332
575.267
576.168
577.033
577.862
578.657
579.416
580.14
580.829
581.482
582.1
582.683
583.231
583.743
584.22
584.661
585.067
585.438
585.774
586.074
586.339
586.569
586.763
586.922
587.046
587.134
587.187
587.204
432.488
432.685
433.269
434.219
435.505
437.09
438.933
440.993
443.232
445.616
448.115
450.702
453.356
456.06
458.797
461.557
464.328
467.103
469.874
472.637
475.386
478.117
480.828
483.516
486.179
488.814
491.421
493.997
496.543
499.057
501.538
503.987
506.401
508.781
511.127
513.438
515.714
517.955
520.161
522.331
524.465
526.563
528.626
530.653
532.644
534.598
536.517
538.4
540.247
542.058
543.832
545.571
547.274
548.94
550.571
552.166
553.724
555.247
556.733
558.184
559.598
560.977
562.319
563.626
564.897
566.132
567.331
568.494
569.621
570.712
571.767
572.787
573.771
574.718
575.63
576.507
577.347
578.151
578.92
579.653
580.351
581.012
581.638
582.227
582.782
583.3
583.782
584.229
584.64
585.015
585.355
585.659
585.927
586.159
586.356
586.516
586.641
586.731
586.784
586.802
425.831
426.062
426.743
427.847
429.331
431.145
433.236
435.551
438.046
440.679
443.418
446.233
449.104
452.01
454.938
457.877
460.815
463.747
466.666
469.566
472.445
475.299
478.125
480.921
483.686
486.419
489.117
491.781
494.409
497.002
499.558
502.077
504.559
507.004
509.412
511.782
514.114
516.409
518.666
520.886
523.067
525.211
527.318
529.386
531.417
533.411
535.367
537.285
539.166
541.01
542.816
544.586
546.318
548.012
549.67
551.29
552.874
554.421
555.93
557.403
558.839
560.238
561.6
562.926
564.215
565.467
566.683
567.862
569.005
570.111
571.18
572.213
573.21
574.17
575.093
575.981
576.832
577.646
578.425
579.167
579.872
580.542
581.175
581.772
582.333
582.857
583.345
583.797
584.213
584.593
584.936
585.243
585.515
585.75
585.948
586.111
586.238
586.328
586.382
586.4
418.671
418.945
419.755
421.057
422.792
424.889
427.279
429.897
432.687
435.604
438.61
441.676
444.78
447.904
451.035
454.161
457.275
460.37
463.44
466.483
469.494
472.473
475.416
478.322
481.191
484.021
486.812
489.564
492.276
494.947
497.578
500.169
502.719
505.229
507.698
510.127
512.516
514.865
517.174
519.443
521.672
523.861
526.011
528.122
530.193
532.225
534.218
536.172
538.088
539.964
541.802
543.602
545.363
547.086
548.77
550.417
552.026
553.596
555.129
556.624
558.081
559.501
560.883
562.227
563.534
564.804
566.037
567.232
568.39
569.51
570.594
571.64
572.65
573.622
574.557
575.456
576.317
577.142
577.93
578.681
579.395
580.073
580.713
581.317
581.884
582.415
582.909
583.366
583.787
584.171
584.518
584.829
585.103
585.341
585.542
585.706
585.834
585.926
585.98
585.999
410.915
411.25
412.231
413.796
415.854
418.308
421.063
424.039
427.17
430.405
433.708
437.047
440.402
443.758
447.101
450.423
453.718
456.981
460.207
463.395
466.542
469.646
472.708
475.726
478.699
481.628
484.512
487.352
490.147
492.897
495.603
498.265
500.884
503.458
505.989
508.478
510.923
513.326
515.686
518.004
520.281
522.516
524.709
526.861
528.973
531.043
533.073
535.063
537.012
538.921
540.791
542.621
544.411
546.162
547.874
549.546
551.179
552.774
554.33
555.847
557.325
558.766
560.167
561.531
562.856
564.143
565.392
566.603
567.776
568.912
570.009
571.069
572.091
573.076
574.023
574.932
575.804
576.639
577.436
578.196
578.919
579.604
580.253
580.864
581.437
581.974
582.474
582.936
583.361
583.75
584.101
584.415
584.693
584.933
585.136
585.303
585.432
585.524
585.58
585.598
402.437
402.857
404.08
406.003
408.489
411.395
414.596
417.994
421.516
425.109
428.735
432.368
435.99
439.588
443.153
446.678
450.159
453.593
456.978
460.312
463.596
466.828
470.008
473.138
476.216
479.244
482.221
485.148
488.027
490.856
493.637
496.37
499.056
501.696
504.288
506.835
509.337
511.793
514.205
516.572
518.896
521.176
523.412
525.606
527.757
529.866
531.933
533.958
535.941
537.883
539.784
541.644
543.463
545.242
546.98
548.679
550.337
551.955
553.534
555.073
556.573
558.033
559.454
560.837
562.18
563.484
564.75
565.977
567.165
568.315
569.427
570.5
571.535
572.532
573.49
574.411
575.293
576.138
576.945
577.714
578.445
579.138
579.794
580.412
580.992
581.535
582.04
582.508
582.938
583.33
583.686
584.003
584.284
584.527
584.732
584.901
585.031
585.125
585.181
585.199
393.055
393.603
395.181
397.612
400.675
404.16
407.906
411.798
415.761
419.747
423.722
427.667
431.569
435.418
439.21
442.942
446.612
450.219
453.763
457.245
460.666
464.025
467.325
470.565
473.748
476.874
479.944
482.959
485.92
488.828
491.683
494.487
497.24
499.944
502.598
505.203
507.76
510.27
512.732
515.148
517.519
519.843
522.123
524.358
526.549
528.696
530.799
532.859
534.876
536.85
538.782
540.672
542.52
544.327
546.092
547.816
549.498
551.141
552.742
554.303
555.824
557.305
558.745
560.146
561.507
562.829
564.111
565.354
566.557
567.722
568.847
569.934
570.981
571.99
572.96
573.891
574.784
575.639
576.455
577.233
577.973
578.674
579.337
579.962
580.549
581.098
581.608
582.081
582.516
582.913
583.272
583.593
583.877
584.122
584.33
584.5
584.632
584.727
584.783
584.802
382.487
383.244
385.378
388.564
392.421
396.647
401.046
405.503
409.954
414.362
418.707
422.976
427.164
431.27
435.292
439.232
443.092
446.872
450.576
454.205
457.761
461.247
464.665
468.016
471.302
474.525
477.687
480.788
483.831
486.816
489.745
492.619
495.439
498.206
500.92
503.583
506.195
508.757
511.271
513.735
516.152
518.521
520.843
523.119
525.349
527.533
529.673
531.767
533.818
535.824
537.787
539.707
541.584
543.417
545.209
546.958
548.666
550.331
551.955
553.538
555.08
556.58
558.04
559.46
560.839
562.177
563.476
564.734
565.953
567.132
568.271
569.371
570.431
571.451
572.433
573.375
574.279
575.143
575.969
576.755
577.503
578.212
578.883
579.515
580.108
580.663
581.179
581.657
582.097
582.498
582.861
583.186
583.472
583.72
583.93
584.102
584.236
584.331
584.388
584.407
370.263
371.388
374.487
378.843
383.805
388.953
394.107
399.188
404.16
409.009
413.732
418.33
422.808
427.17
431.422
435.568
439.615
443.567
447.427
451.201
454.891
458.502
462.035
465.495
468.883
472.202
475.454
478.64
481.764
484.825
487.827
490.77
493.655
496.484
499.258
501.978
504.645
507.259
509.822
512.334
514.797
517.209
519.574
521.89
524.159
526.38
528.556
530.685
532.768
534.807
536.8
538.749
540.654
542.515
544.333
546.107
547.839
549.528
551.174
552.779
554.341
555.862
557.341
558.778
560.175
561.531
562.845
564.119
565.353
566.546
567.699
568.811
569.884
570.917
571.91
572.863
573.776
574.651
575.486
576.281
577.037
577.754
578.432
579.071
579.67
580.231
580.753
581.236
581.68
582.086
582.453
582.781
583.07
583.321
583.533
583.707
583.842
583.938
583.996
584.015
355.405
357.422
362.312
368.64
375.027
381.242
387.219
392.952
398.456
403.748
408.848
413.77
418.532
423.145
427.62
431.969
436.198
440.316
444.33
448.245
452.066
455.798
459.445
463.01
466.498
469.91
473.25
476.52
479.723
482.859
485.932
488.942
491.892
494.783
497.615
500.391
503.111
505.777
508.389
510.948
513.455
515.911
518.317
520.673
522.98
525.239
527.449
529.612
531.728
533.798
535.822
537.8
539.733
541.621
543.464
545.264
547.019
548.731
550.4
552.025
553.608
555.149
556.647
558.103
559.517
560.889
562.22
563.509
564.758
565.965
567.131
568.257
569.342
570.386
571.391
572.354
573.278
574.162
575.006
575.81
576.575
577.299
577.984
578.63
579.236
579.803
580.33
580.818
581.267
581.677
582.047
582.379
582.671
582.925
583.139
583.314
583.451
583.548
583.607
583.626
336.262
339.495
349.66
358.45
366.431
373.748
380.542
386.911
392.927
398.644
404.103
409.336
414.368
419.221
423.911
428.452
432.857
437.135
441.296
445.347
449.294
453.143
456.9
460.568
464.152
467.655
471.081
474.433
477.712
480.921
484.063
487.14
490.153
493.103
495.993
498.824
501.596
504.312
506.972
509.578
512.129
514.628
517.075
519.47
521.815
524.109
526.355
528.551
530.7
532.8
534.854
536.86
538.821
540.736
542.605
544.429
546.208
547.942
549.633
551.28
552.883
554.443
555.959
557.433
558.865
560.254
561.6
562.905
564.168
565.389
566.569
567.707
568.805
569.861
570.876
571.851
572.785
573.678
574.531
575.344
576.116
576.849
577.541
578.193
578.806
579.378
579.911
580.404
580.857
581.271
581.646
581.981
582.276
582.532
582.748
582.926
583.063
583.162
583.221
583.241
293
323.874
337.92
349.063
358.441
366.729
374.246
381.181
387.658
393.76
399.547
405.065
410.348
415.423
420.313
425.036
429.606
434.036
438.336
442.516
446.584
450.545
454.407
458.174
461.851
465.442
468.951
472.381
475.735
479.016
482.225
485.366
488.44
491.449
494.395
497.279
500.103
502.868
505.575
508.226
510.821
513.361
515.848
518.282
520.663
522.994
525.273
527.503
529.683
531.814
533.897
535.932
537.919
539.86
541.755
543.603
545.405
547.162
548.875
550.542
552.165
553.744
555.279
556.771
558.22
559.625
560.987
562.307
563.584
564.819
566.012
567.164
568.273
569.341
570.367
571.352
572.296
573.199
574.061
574.882
575.663
576.403
577.102
577.761
578.38
578.958
579.496
579.994
580.452
580.87
581.248
581.586
581.885
582.143
582.362
582.541
582.68
582.779
582.839
582.859
293
312.647
328.9
341.161
351.433
360.408
368.475
375.864
382.722
389.15
395.222
400.991
406.497
411.774
416.846
421.736
426.458
431.029
435.461
439.762
443.944
448.012
451.974
455.835
459.601
463.276
466.865
470.37
473.796
477.145
480.42
483.623
486.757
489.823
492.823
495.759
498.633
501.446
504.199
506.894
509.532
512.113
514.639
517.11
519.528
521.893
524.206
526.468
528.679
530.84
532.952
535.015
537.029
538.996
540.915
542.787
544.613
546.392
548.125
549.813
551.456
553.054
554.608
556.117
557.582
559.003
560.381
561.716
563.007
564.256
565.462
566.626
567.747
568.826
569.864
570.859
571.813
572.725
573.596
574.426
575.214
575.961
576.668
577.334
577.958
578.542
579.086
579.589
580.051
580.473
580.855
581.196
581.498
581.759
581.979
582.16
582.301
582.401
582.461
582.481
293
308.594
322.786
335.046
345.594
354.917
363.324
371.027
378.17
384.856
391.161
397.14
402.839
408.292
413.526
418.565
423.427
428.127
432.679
437.094
441.381
445.549
449.605
453.555
457.406
461.161
464.826
468.404
471.898
475.313
478.651
481.914
485.105
488.226
491.279
494.266
497.189
500.048
502.846
505.584
508.263
510.884
513.448
515.957
518.41
520.809
523.155
525.449
527.69
529.881
532.021
534.111
536.152
538.143
540.087
541.982
543.831
545.632
547.386
549.094
550.756
552.373
553.944
555.471
556.953
558.39
559.783
561.132
562.438
563.7
564.919
566.095
567.228
568.319
569.366
570.372
571.335
572.257
573.137
573.975
574.771
575.526
576.239
576.911
577.542
578.132
578.681
579.188
579.655
580.081
580.467
580.811
581.115
581.379
581.602
581.784
581.926
582.027
582.088
582.108
293
306.34
318.976
330.513
340.898
350.272
358.822
366.702
374.032
380.902
387.384
393.532
399.39
404.991
410.366
415.536
420.521
425.337
429.998
434.516
438.901
443.162
447.306
451.34
455.27
459.101
462.837
466.484
470.045
473.523
476.921
480.242
483.488
486.662
489.766
492.802
495.772
498.677
501.518
504.298
507.017
509.677
512.278
514.822
517.31
519.743
522.121
524.446
526.717
528.936
531.104
533.221
535.287
537.304
539.271
541.19
543.06
544.882
546.657
548.385
550.067
551.702
553.291
554.834
556.332
557.785
559.193
560.557
561.876
563.152
564.383
565.572
566.716
567.818
568.876
569.892
570.865
571.796
572.684
573.53
574.334
575.096
575.816
576.495
577.132
577.727
578.281
578.793
579.265
579.695
580.084
580.431
580.738
581.004
581.229
581.413
581.556
581.658
581.72
581.74
293
304.891
316.368
327.164
337.169
346.402
354.942
362.883
370.31
377.297
383.902
390.176
396.158
401.881
407.372
412.654
417.747
422.666
427.425
432.036
436.51
440.856
445.081
449.193
453.197
457.099
460.904
464.616
468.239
471.776
475.232
478.608
481.908
485.133
488.286
491.369
494.384
497.333
500.216
503.036
505.794
508.492
511.13
513.709
516.23
518.696
521.105
523.46
525.76
528.008
530.203
532.346
534.437
536.478
538.469
540.41
542.302
544.145
545.94
547.688
549.388
551.041
552.647
554.207
555.721
557.189
558.612
559.99
561.323
562.612
563.856
565.056
566.212
567.324
568.393
569.419
570.401
571.341
572.238
573.092
573.903
574.673
575.4
576.084
576.727
577.328
577.887
578.404
578.88
579.314
579.706
580.057
580.367
580.635
580.862
581.048
581.192
581.295
581.357
581.378
293
303.871
314.469
324.612
334.195
343.191
351.622
359.537
366.989
374.033
380.714
387.074
393.148
398.965
404.551
409.926
415.11
420.118
424.963
429.658
434.212
438.635
442.934
447.117
451.19
455.159
459.027
462.8
466.482
470.077
473.587
477.016
480.366
483.64
486.84
489.968
493.027
496.018
498.942
501.801
504.597
507.331
510.004
512.617
515.172
517.668
520.108
522.492
524.822
527.096
529.318
531.486
533.602
535.667
537.681
539.644
541.557
543.421
545.236
547.002
548.72
550.391
552.014
553.591
555.12
556.604
558.041
559.433
560.779
562.081
563.337
564.549
565.716
566.839
567.918
568.953
569.945
570.893
571.799
572.661
573.48
574.256
574.99
575.68
576.329
576.935
577.499
578.021
578.501
578.939
579.335
579.689
580.001
580.272
580.501
580.688
580.833
580.937
581
581.021
293
303.108
313.022
322.612
331.79
340.516
348.785
356.615
364.04
371.093
377.809
384.221
390.358
396.244
401.903
407.354
412.613
417.696
422.616
427.383
432.009
436.501
440.868
445.117
449.253
453.282
457.21
461.041
464.778
468.426
471.988
475.466
478.865
482.185
485.43
488.602
491.703
494.734
497.697
500.594
503.427
506.196
508.903
511.549
514.135
516.662
519.132
521.545
523.901
526.203
528.45
530.643
532.783
534.871
536.907
538.892
540.826
542.71
544.544
546.329
548.065
549.753
551.393
552.985
554.53
556.028
557.48
558.885
560.245
561.559
562.827
564.05
565.228
566.362
567.451
568.496
569.497
570.454
571.367
572.237
573.063
573.846
574.587
575.284
575.938
576.549
577.118
577.644
578.128
578.57
578.969
579.327
579.642
579.914
580.145
580.334
580.481
580.586
580.649
580.67
293
302.514
311.881
321.005
329.815
338.27
346.352
354.066
361.426
368.453
375.172
381.607
387.781
393.714
399.427
404.936
410.256
415.402
420.385
425.215
429.903
434.457
438.885
443.192
447.386
451.472
455.455
459.338
463.127
466.825
470.436
473.962
477.406
480.77
484.058
487.272
490.412
493.482
496.483
499.416
502.284
505.087
507.827
510.505
513.122
515.679
518.177
520.617
523.001
525.328
527.6
529.818
531.981
534.092
536.15
538.155
540.11
542.013
543.866
545.669
547.423
549.128
550.784
552.392
553.952
555.464
556.93
558.348
559.721
561.047
562.327
563.561
564.75
565.894
566.993
568.047
569.057
570.022
570.944
571.821
572.655
573.444
574.191
574.894
575.554
576.171
576.744
577.275
577.763
578.208
578.611
578.971
579.289
579.564
579.797
579.987
580.135
580.241
580.304
580.325
293
302.037
310.956
319.686
328.169
336.366
344.258
351.837
359.11
366.087
372.784
379.218
385.408
391.369
397.119
402.671
408.039
413.235
418.27
423.154
427.896
432.504
436.985
441.346
445.592
449.729
453.762
457.695
461.532
465.277
468.933
472.503
475.99
479.397
482.725
485.978
489.157
492.264
495.301
498.269
501.17
504.006
506.777
509.486
512.132
514.718
517.244
519.712
522.121
524.474
526.77
529.011
531.197
533.329
535.408
537.435
539.409
541.331
543.202
545.023
546.794
548.515
550.187
551.81
553.385
554.912
556.391
557.822
559.207
560.545
561.837
563.082
564.282
565.436
566.544
567.607
568.626
569.599
570.529
571.413
572.254
573.051
573.803
574.512
575.177
575.799
576.378
576.913
577.405
577.854
578.26
578.623
578.943
579.22
579.455
579.647
579.796
579.903
579.967
579.988
293
301.644
310.191
318.585
326.779
334.739
342.443
349.882
357.054
363.964
370.622
377.039
383.227
389.201
394.972
400.554
405.957
411.193
416.27
421.199
425.987
430.642
435.17
439.578
443.872
448.055
452.134
456.112
459.994
463.782
467.48
471.092
474.62
478.066
481.433
484.723
487.938
491.08
494.151
497.153
500.086
502.954
505.755
508.493
511.168
513.782
516.335
518.828
521.263
523.64
525.959
528.223
530.431
532.585
534.684
536.73
538.724
540.665
542.554
544.392
546.179
547.916
549.604
551.242
552.831
554.371
555.863
557.308
558.705
560.054
561.357
562.613
563.823
564.987
566.105
567.177
568.204
569.186
570.123
571.015
571.862
572.665
573.424
574.138
574.809
575.436
576.019
576.558
577.054
577.506
577.916
578.281
578.604
578.884
579.12
579.314
579.464
579.572
579.636
579.657
293
301.316
309.548
317.653
325.591
333.334
340.862
348.161
355.227
362.06
368.666
375.052
381.226
387.198
392.979
398.579
404.007
409.272
414.384
419.349
424.176
428.871
433.44
437.89
442.225
446.451
450.571
454.591
458.513
462.341
466.079
469.729
473.295
476.778
480.181
483.507
486.756
489.932
493.036
496.069
499.034
501.931
504.762
507.528
510.231
512.871
515.449
517.968
520.427
522.827
525.17
527.455
529.685
531.859
533.978
536.044
538.055
540.014
541.921
543.776
545.579
547.332
549.034
550.687
552.29
553.843
555.349
556.805
558.214
559.575
560.889
562.155
563.375
564.548
565.675
566.756
567.792
568.781
569.726
570.625
571.479
572.288
573.053
573.773
574.449
575.081
575.668
576.212
576.711
577.167
577.579
577.948
578.273
578.555
578.793
578.988
579.14
579.248
579.313
579.334
293
301.037
309
316.854
324.567
332.113
339.475
346.639
353.597
360.349
366.896
373.241
379.39
385.352
391.132
396.741
402.184
407.471
412.608
417.602
422.461
427.189
431.794
436.28
440.652
444.915
449.074
453.131
457.09
460.955
464.73
468.416
472.017
475.535
478.972
482.331
485.613
488.821
491.955
495.019
498.013
500.939
503.797
506.591
509.32
511.985
514.589
517.131
519.614
522.036
524.401
526.708
528.958
531.152
533.291
535.375
537.405
539.381
541.304
543.175
544.994
546.762
548.479
550.146
551.762
553.329
554.847
556.315
557.736
559.108
560.432
561.709
562.938
564.121
565.257
566.346
567.389
568.387
569.338
570.245
571.105
571.921
572.691
573.417
574.098
574.734
575.326
575.873
576.377
576.836
577.251
577.623
577.95
578.234
578.474
578.67
578.823
578.932
578.997
579.019
293
300.797
308.528
316.162
323.675
331.044
338.252
345.287
352.141
358.809
365.292
371.59
377.708
383.65
389.422
395.031
400.482
405.783
410.938
415.955
420.839
425.596
430.231
434.749
439.153
443.45
447.641
451.732
455.726
459.625
463.433
467.153
470.786
474.337
477.806
481.196
484.509
487.746
490.911
494.003
497.025
499.978
502.863
505.682
508.436
511.127
513.754
516.32
518.824
521.269
523.655
525.982
528.252
530.465
532.623
534.724
536.772
538.765
540.705
542.591
544.426
546.208
547.939
549.619
551.249
552.828
554.358
555.838
557.27
558.653
559.987
561.274
562.513
563.704
564.849
565.947
566.998
568.003
568.961
569.874
570.741
571.563
572.339
573.07
573.755
574.396
574.992
575.544
576.051
576.514
576.932
577.306
577.636
577.921
578.163
578.361
578.515
578.624
578.69
578.712
293
300.589
308.116
315.559
322.894
330.102
337.169
344.083
350.835
357.42
363.837
370.085
376.166
382.083
387.841
393.443
398.896
404.204
409.372
414.406
419.31
424.09
428.75
433.294
437.727
442.053
446.274
450.396
454.42
458.35
462.189
465.939
469.604
473.184
476.683
480.102
483.444
486.71
489.902
493.021
496.07
499.049
501.96
504.803
507.582
510.295
512.945
515.533
518.059
520.525
522.931
525.278
527.567
529.799
531.974
534.093
536.157
538.167
540.122
542.024
543.873
545.67
547.414
549.107
550.75
552.341
553.883
555.375
556.817
558.21
559.555
560.851
562.099
563.3
564.453
565.558
566.617
567.629
568.595
569.514
570.387
571.214
571.996
572.732
573.423
574.068
574.668
575.224
575.734
576.2
576.621
576.997
577.33
577.617
577.861
578.06
578.214
578.325
578.391
578.413
293
300.406
307.756
315.028
322.204
329.268
336.205
343.006
349.661
356.165
362.516
368.712
374.753
380.641
386.379
391.97
397.419
402.729
407.904
412.95
417.869
422.668
427.348
431.915
436.373
440.724
444.972
449.121
453.173
457.131
460.998
464.777
468.469
472.078
475.604
479.051
482.42
485.712
488.93
492.075
495.149
498.153
501.087
503.955
506.756
509.492
512.164
514.773
517.319
519.805
522.231
524.597
526.904
529.153
531.346
533.482
535.562
537.587
539.558
541.474
543.337
545.148
546.905
548.611
550.266
551.869
553.422
554.925
556.378
557.781
559.135
560.441
561.698
562.907
564.068
565.181
566.247
567.266
568.239
569.164
570.043
570.876
571.663
572.404
573.099
573.749
574.353
574.912
575.426
575.895
576.319
576.698
577.033
577.322
577.567
577.767
577.923
578.034
578.101
578.123
293
300.245
307.437
314.558
321.592
328.525
335.344
342.039
348.603
355.03
361.315
367.458
373.457
379.313
385.028
390.605
396.045
401.353
406.531
411.584
416.515
421.327
426.025
430.611
435.089
439.463
443.734
447.907
451.984
455.968
459.86
463.665
467.383
471.017
474.57
478.042
481.436
484.754
487.996
491.165
494.263
497.29
500.247
503.137
505.96
508.717
511.41
514.039
516.605
519.11
521.554
523.938
526.263
528.53
530.739
532.891
534.987
537.027
539.012
540.942
542.819
544.643
546.413
548.131
549.798
551.412
552.976
554.489
555.952
557.366
558.729
560.044
561.309
562.526
563.695
564.816
565.889
566.915
567.894
568.826
569.71
570.549
571.341
572.087
572.786
573.44
574.048
574.611
575.128
575.6
576.027
576.408
576.745
577.036
577.282
577.484
577.641
577.753
577.82
577.842
293
300.103
307.155
314.141
321.047
327.861
334.572
341.17
347.648
354
360.222
366.312
372.268
378.091
383.781
389.34
394.769
400.071
405.248
410.305
415.243
420.066
424.777
429.379
433.875
438.267
442.559
446.754
450.853
454.859
458.775
462.603
466.345
470.004
473.58
477.076
480.493
483.834
487.1
490.292
493.411
496.46
499.439
502.35
505.194
507.971
510.683
513.332
515.917
518.44
520.902
523.303
525.645
527.928
530.153
532.32
534.431
536.486
538.485
540.429
542.319
544.155
545.938
547.668
549.345
550.971
552.545
554.069
555.541
556.964
558.337
559.66
560.934
562.159
563.335
564.463
565.543
566.576
567.56
568.498
569.389
570.232
571.029
571.78
572.484
573.142
573.754
574.32
574.84
575.315
575.744
576.128
576.466
576.759
577.007
577.21
577.368
577.48
577.548
577.57
293
299.976
306.903
313.768
320.559
327.266
333.877
340.385
346.783
353.065
359.226
365.265
371.179
376.967
382.63
388.168
393.584
398.877
404.051
409.109
414.051
418.882
423.603
428.218
432.728
437.137
441.447
445.66
449.779
453.806
457.743
461.592
465.356
469.036
472.634
476.152
479.592
482.954
486.242
489.455
492.595
495.665
498.664
501.595
504.458
507.255
509.986
512.652
515.256
517.796
520.275
522.693
525.051
527.349
529.589
531.771
533.896
535.965
537.977
539.934
541.837
543.685
545.479
547.221
548.909
550.545
552.13
553.663
555.145
556.577
557.958
559.289
560.571
561.804
562.988
564.123
565.209
566.248
567.239
568.182
569.078
569.927
570.728
571.483
572.192
572.853
573.469
574.038
574.562
575.039
575.471
575.857
576.198
576.492
576.742
576.946
577.104
577.218
577.286
577.308
293
299.862
306.677
313.434
320.122
326.73
333.251
339.676
345.999
352.215
358.318
364.307
370.179
375.933
381.568
387.085
392.485
397.768
402.936
407.991
412.936
417.771
422.5
427.125
431.647
436.07
440.395
444.625
448.761
452.806
456.762
460.631
464.415
468.115
471.734
475.272
478.732
482.114
485.422
488.655
491.815
494.904
497.923
500.872
503.754
506.568
509.317
512.001
514.621
517.178
519.673
522.107
524.48
526.793
529.048
531.244
533.382
535.464
537.489
539.459
541.373
543.233
545.039
546.791
548.49
550.136
551.73
553.273
554.764
556.204
557.594
558.933
560.223
561.463
562.653
563.795
564.888
565.933
566.929
567.878
568.779
569.633
570.439
571.198
571.91
572.576
573.195
573.768
574.294
574.774
575.208
575.597
575.939
576.235
576.486
576.691
576.851
576.965
577.033
577.056
293
299.76
306.475
313.134
319.728
326.248
332.686
339.034
345.288
351.441
357.49
363.431
369.262
374.982
380.589
386.084
391.467
396.738
401.898
406.95
411.894
416.732
421.466
426.099
430.631
435.065
439.403
443.647
447.799
451.861
455.834
459.72
463.522
467.241
470.877
474.434
477.913
481.314
484.64
487.892
491.071
494.178
497.214
500.182
503.08
505.912
508.678
511.378
514.014
516.587
519.097
521.546
523.933
526.261
528.529
530.738
532.89
534.984
537.022
539.003
540.929
542.8
544.616
546.379
548.088
549.744
551.347
552.899
554.398
555.847
557.244
558.591
559.888
561.135
562.332
563.481
564.58
565.63
566.632
567.586
568.492
569.35
570.161
570.924
571.641
572.31
572.932
573.508
574.037
574.52
574.956
575.346
575.691
575.989
576.241
576.447
576.607
576.722
576.79
576.813
293
299.669
306.293
312.863
319.372
325.812
332.174
338.453
344.642
350.737
356.734
362.63
368.422
374.108
379.688
385.16
390.525
395.782
400.934
405.98
410.922
415.761
420.499
425.137
429.677
434.121
438.47
442.726
446.892
450.968
454.956
458.859
462.677
466.412
470.066
473.64
477.136
480.555
483.898
487.167
490.363
493.487
496.54
499.524
502.439
505.287
508.068
510.784
513.435
516.023
518.547
521.01
523.411
525.752
528.033
530.255
532.419
534.525
536.575
538.567
540.504
542.385
544.212
545.984
547.703
549.368
550.98
552.54
554.048
555.505
556.91
558.264
559.568
560.822
562.025
563.18
564.285
565.341
566.348
567.307
568.218
569.08
569.895
570.662
571.382
572.055
572.68
573.259
573.791
574.276
574.715
575.107
575.453
575.752
576.006
576.213
576.374
576.489
576.558
576.581
293
299.586
306.129
312.62
319.052
325.418
331.711
337.925
344.055
350.096
356.045
361.898
367.652
373.306
378.858
384.308
389.654
394.898
400.04
405.079
410.017
414.856
419.595
424.238
428.784
433.235
437.594
441.861
446.038
450.127
454.129
458.046
461.878
465.629
469.298
472.888
476.4
479.835
483.194
486.479
489.691
492.831
495.9
498.899
501.829
504.692
507.488
510.219
512.884
515.486
518.024
520.5
522.914
525.268
527.561
529.795
531.971
534.088
536.148
538.152
540.099
541.99
543.827
545.608
547.336
549.01
550.631
552.199
553.715
555.178
556.591
557.952
559.262
560.522
561.732
562.892
564.003
565.064
566.076
567.04
567.955
568.822
569.641
570.412
571.135
571.811
572.44
573.021
573.556
574.043
574.484
574.878
575.226
575.527
575.781
575.989
576.151
576.267
576.336
576.359
293
299.512
305.98
312.399
318.762
325.061
331.291
337.446
343.521
349.513
355.416
361.228
366.947
372.57
378.095
383.523
388.852
394.081
399.212
404.244
409.177
414.014
418.754
423.399
427.95
432.408
436.774
441.05
445.238
449.338
453.352
457.281
461.127
464.891
468.575
472.179
475.705
479.155
482.529
485.829
489.055
492.21
495.294
498.307
501.252
504.129
506.939
509.683
512.362
514.976
517.527
520.016
522.442
524.808
527.113
529.359
531.545
533.673
535.744
537.757
539.714
541.615
543.46
545.251
546.987
548.669
550.298
551.874
553.397
554.868
556.287
557.655
558.972
560.238
561.453
562.619
563.735
564.801
565.818
566.786
567.706
568.577
569.399
570.174
570.901
571.58
572.211
572.795
573.332
573.822
574.265
574.661
575.01
575.312
575.568
575.777
575.939
576.056
576.125
576.148
293
299.444
305.847
312.2
318.5
324.738
330.91
337.011
343.036
348.981
354.843
360.617
366.302
371.895
377.396
382.802
388.113
393.328
398.447
403.471
408.399
413.233
417.972
422.619
427.173
431.636
436.009
440.293
444.489
448.599
452.623
456.564
460.422
464.199
467.895
471.512
475.052
478.515
481.903
485.216
488.457
491.625
494.722
497.749
500.707
503.597
506.42
509.177
511.868
514.495
517.058
519.558
521.996
524.373
526.689
528.945
531.142
533.28
535.36
537.383
539.349
541.259
543.113
544.912
546.657
548.347
549.983
551.566
553.096
554.574
556
557.374
558.696
559.968
561.189
562.36
563.481
564.552
565.573
566.546
567.469
568.344
569.17
569.948
570.678
571.36
571.994
572.581
573.12
573.612
574.057
574.454
574.805
575.108
575.365
575.575
575.739
575.855
575.925
575.948
293
299.384
305.726
312.021
318.263
324.446
330.566
336.618
342.596
348.499
354.321
360.06
365.713
371.279
376.755
382.14
387.434
392.635
397.743
402.758
407.68
412.51
417.249
421.896
426.452
430.919
435.297
439.587
443.791
447.909
451.943
455.894
459.763
463.551
467.259
470.888
474.44
477.915
481.316
484.642
487.894
491.075
494.185
497.224
500.195
503.097
505.932
508.7
511.403
514.041
516.616
519.127
521.576
523.963
526.289
528.555
530.762
532.91
534.999
537.031
539.006
540.924
542.786
544.593
546.345
548.042
549.686
551.276
552.812
554.296
555.728
557.108
558.436
559.714
560.94
562.116
563.241
564.316
565.342
566.319
567.246
568.124
568.954
569.735
570.468
571.153
571.79
572.379
572.92
573.414
573.86
574.259
574.611
574.916
575.174
575.385
575.549
575.666
575.736
575.76
293
299.329
305.617
311.859
318.049
324.182
330.254
336.261
342.198
348.061
353.847
359.553
365.177
370.717
376.17
381.535
386.812
391.999
397.096
402.102
407.019
411.845
416.581
421.227
425.785
430.255
434.637
438.933
443.143
447.269
451.311
455.271
459.149
462.947
466.665
470.306
473.869
477.355
480.767
484.104
487.369
490.561
493.682
496.733
499.715
502.629
505.475
508.254
510.968
513.617
516.201
518.723
521.181
523.578
525.914
528.19
530.405
532.562
534.66
536.7
538.683
540.609
542.479
544.293
546.052
547.756
549.406
551.003
552.546
554.036
555.473
556.858
558.192
559.474
560.705
561.886
563.016
564.095
565.125
566.105
567.036
567.918
568.751
569.535
570.27
570.958
571.597
572.188
572.732
573.227
573.676
574.076
574.43
574.735
574.994
575.206
575.37
575.488
575.558
575.582
293
299.28
305.519
311.712
317.856
323.944
329.973
335.939
341.837
347.664
353.417
359.094
364.69
370.205
375.637
380.984
386.244
391.418
396.504
401.502
406.412
411.233
415.967
420.612
425.171
429.643
434.028
438.329
442.545
446.677
450.726
454.694
458.581
462.387
466.115
469.765
473.338
476.835
480.257
483.605
486.88
490.083
493.214
496.276
499.268
502.192
505.048
507.838
510.562
513.22
515.815
518.345
520.814
523.22
525.564
527.848
530.072
532.237
534.343
536.391
538.381
540.315
542.192
544.013
545.778
547.489
549.145
550.748
552.296
553.792
555.235
556.625
557.964
559.251
560.486
561.671
562.805
563.888
564.922
565.906
566.84
567.725
568.56
569.347
570.086
570.776
571.417
572.01
572.556
573.053
573.503
573.905
574.259
574.566
574.826
575.039
575.204
575.322
575.392
575.416
293
299.235
305.431
311.581
317.683
323.73
329.72
335.649
341.512
347.307
353.029
358.678
364.249
369.742
375.153
380.483
385.728
390.889
395.964
400.954
405.857
410.674
415.405
420.049
424.608
429.081
433.47
437.774
441.994
446.132
450.188
454.162
458.056
461.871
465.607
469.266
472.848
476.354
479.785
483.143
486.427
489.64
492.781
495.852
498.854
501.787
504.653
507.452
510.185
512.853
515.456
517.995
520.472
522.887
525.239
527.531
529.763
531.936
534.049
536.104
538.101
540.041
541.925
543.752
545.524
547.241
548.903
550.511
552.065
553.565
555.013
556.408
557.751
559.043
560.282
561.471
562.609
563.696
564.733
565.72
566.657
567.545
568.384
569.173
569.914
570.606
571.25
571.845
572.392
572.891
573.342
573.746
574.101
574.409
574.67
574.883
575.049
575.167
575.238
575.261
293
299.196
305.352
311.464
317.527
323.539
329.494
335.389
341.22
346.985
352.681
358.304
363.852
369.324
374.717
380.03
385.261
390.41
395.475
400.457
405.354
410.166
414.894
419.537
424.095
428.569
432.959
437.267
441.491
445.633
449.695
453.675
457.576
461.398
465.141
468.808
472.398
475.912
479.352
482.718
486.011
489.232
492.383
495.463
498.473
501.415
504.289
507.097
509.838
512.514
515.125
517.673
520.157
522.579
524.94
527.239
529.478
531.657
533.778
535.839
537.843
539.789
541.679
543.512
545.289
547.012
548.679
550.292
551.851
553.356
554.808
556.208
557.555
558.851
560.094
561.287
562.428
563.519
564.559
565.549
566.489
567.379
568.22
569.012
569.755
570.45
571.095
571.692
572.241
572.741
573.194
573.598
573.955
574.264
574.525
574.739
574.905
575.024
575.095
575.119
293
299.161
305.282
311.359
317.389
323.368
329.291
335.156
340.96
346.698
352.369
357.969
363.496
368.949
374.325
379.623
384.841
389.979
395.035
400.009
404.9
409.707
414.432
419.073
423.631
428.105
432.497
436.807
441.034
445.181
449.247
453.232
457.139
460.967
464.717
468.39
471.988
475.509
478.957
482.331
485.632
488.861
492.019
495.107
498.125
501.075
503.957
506.772
509.521
512.204
514.823
517.378
519.87
522.299
524.666
526.972
529.217
531.403
533.529
535.597
537.606
539.558
541.453
543.292
545.075
546.802
548.474
550.091
551.655
553.165
554.621
556.025
557.376
558.675
559.922
561.118
562.262
563.356
564.399
565.392
566.334
567.227
568.071
568.865
569.61
570.306
570.953
571.552
572.102
572.604
573.058
573.464
573.821
574.131
574.393
574.607
574.774
574.893
574.964
574.988
293
299.129
305.22
311.266
317.267
323.216
329.112
334.95
340.728
346.443
352.091
357.671
363.18
368.616
373.976
379.261
384.467
389.594
394.642
399.608
404.493
409.297
414.018
418.657
423.214
427.689
432.082
436.393
440.624
444.774
448.843
452.834
456.745
460.579
464.335
468.014
471.617
475.146
478.6
481.981
485.289
488.525
491.69
494.785
497.81
500.767
503.656
506.478
509.234
511.924
514.549
517.111
519.609
522.044
524.417
526.729
528.981
531.172
533.304
535.377
537.392
539.349
541.249
543.092
544.88
546.611
548.288
549.909
551.477
552.991
554.451
555.858
557.213
558.515
559.766
560.964
562.112
563.208
564.254
565.249
566.194
567.09
567.935
568.731
569.478
570.176
570.825
571.425
571.977
572.48
572.935
573.341
573.7
574.01
574.273
574.488
574.655
574.774
574.846
574.869
293
299.102
305.165
311.185
317.159
323.083
328.955
334.77
340.525
346.219
351.848
357.409
362.901
368.321
373.668
378.94
384.136
389.254
394.293
399.253
404.133
408.932
413.651
418.288
422.844
427.318
431.712
436.025
440.258
444.411
448.484
452.478
456.394
460.232
463.993
467.678
471.287
474.821
478.281
481.668
484.982
488.224
491.395
494.497
497.528
500.491
503.387
506.215
508.977
511.673
514.304
516.871
519.375
521.816
524.195
526.512
528.769
530.965
533.102
535.18
537.2
539.161
541.066
542.913
544.705
546.44
548.121
549.746
551.318
552.835
554.298
555.709
557.067
558.372
559.625
560.827
561.977
563.076
564.124
565.121
566.069
566.966
567.813
568.611
569.36
570.059
570.709
571.311
571.864
572.368
572.824
573.231
573.591
573.902
574.165
574.38
574.548
574.667
574.739
574.763
293
299.078
305.118
311.115
317.066
322.968
328.818
334.613
340.349
346.024
351.636
357.181
362.658
368.065
373.4
378.661
383.847
388.957
393.989
398.943
403.818
408.614
413.329
417.964
422.519
426.994
431.388
435.702
439.937
444.092
448.168
452.165
456.085
459.927
463.693
467.382
470.996
474.535
478
481.392
484.711
487.959
491.136
494.242
497.28
500.248
503.149
505.982
508.75
511.451
514.088
516.66
519.169
521.614
523.998
526.32
528.581
530.782
532.924
535.006
537.03
538.995
540.904
542.755
544.55
546.29
547.973
549.602
551.177
552.697
554.163
555.577
556.937
558.245
559.501
560.705
561.858
562.959
564.009
565.008
565.957
566.856
567.706
568.505
569.255
569.956
570.607
571.21
571.764
572.269
572.726
573.134
573.494
573.806
574.07
574.286
574.453
574.573
574.645
574.669
293
299.058
305.077
311.055
316.986
322.87
328.701
334.478
340.198
345.857
351.454
356.986
362.45
367.846
373.17
378.422
383.6
388.702
393.728
398.677
403.547
408.339
413.052
417.686
422.24
426.714
431.109
435.424
439.66
443.817
447.895
451.895
455.818
459.664
463.433
467.126
470.744
474.287
477.757
481.153
484.477
487.729
490.911
494.022
497.064
500.037
502.943
505.781
508.553
511.259
513.9
516.476
518.989
521.44
523.827
526.154
528.419
530.624
532.769
534.855
536.882
538.851
540.763
542.618
544.416
546.158
547.845
549.477
551.054
552.577
554.046
555.462
556.825
558.135
559.393
560.599
561.754
562.857
563.909
564.91
565.861
566.761
567.612
568.413
569.164
569.866
570.519
571.122
571.677
572.183
572.641
573.05
573.411
573.723
573.987
574.203
574.371
574.491
574.563
574.587
293
299.041
305.044
311.004
316.92
322.787
328.604
334.366
340.072
345.718
351.302
356.822
362.276
367.662
372.977
378.221
383.392
388.488
393.508
398.453
403.32
408.109
412.819
417.451
422.004
426.478
430.873
435.189
439.426
443.584
447.665
451.667
455.593
459.441
463.213
466.909
470.531
474.078
477.551
480.951
484.279
487.535
490.721
493.836
496.882
499.859
502.768
505.61
508.386
511.096
513.741
516.321
518.838
521.291
523.683
526.013
528.281
530.489
532.638
534.727
536.757
538.729
540.644
542.501
544.302
546.047
547.737
549.371
550.95
552.476
553.947
555.365
556.73
558.042
559.302
560.51
561.666
562.771
563.824
564.827
565.779
566.681
567.533
568.335
569.087
569.79
570.444
571.048
571.604
572.111
572.569
572.978
573.339
573.652
573.917
574.133
574.301
574.422
574.494
574.518
293
299.028
305.017
310.964
316.866
322.721
328.525
334.275
339.969
345.605
351.179
356.69
362.135
367.513
372.821
378.058
383.223
388.314
393.33
398.27
403.134
407.921
412.63
417.26
421.812
426.286
430.681
434.997
439.235
443.395
447.477
451.481
455.408
459.259
463.034
466.733
470.357
473.907
477.383
480.786
484.117
487.376
490.565
493.683
496.732
499.713
502.625
505.471
508.249
510.962
513.61
516.194
518.714
521.17
523.564
525.897
528.168
530.379
532.53
534.622
536.655
538.629
540.546
542.406
544.209
545.956
547.648
549.284
550.865
552.392
553.866
555.285
556.652
557.966
559.227
560.436
561.594
562.7
563.755
564.758
565.712
566.615
567.468
568.271
569.024
569.728
570.382
570.987
571.544
572.051
572.51
572.92
573.281
573.594
573.859
574.076
574.244
574.365
574.437
574.461
293
299.017
304.996
310.932
316.825
322.669
328.464
334.205
339.891
345.518
351.084
356.588
362.026
367.397
372.7
377.932
383.092
388.179
393.192
398.129
402.991
407.775
412.483
417.112
421.664
426.137
430.532
434.849
439.087
443.248
447.331
451.337
455.266
459.118
462.894
466.595
470.221
473.774
477.252
480.658
483.991
487.253
490.444
493.565
496.616
499.599
502.514
505.362
508.143
510.859
513.509
516.095
518.617
521.076
523.472
525.807
528.081
530.294
532.447
534.54
536.575
538.551
540.47
542.332
544.137
545.885
547.578
549.216
550.799
552.328
553.802
555.223
556.591
557.906
559.169
560.379
561.538
562.645
563.701
564.705
565.659
566.563
567.417
568.221
568.975
569.679
570.334
570.94
571.497
572.005
572.464
572.874
573.236
573.549
573.814
574.031
574.2
574.32
574.392
574.416
293
299.01
304.981
310.91
316.795
322.633
328.421
334.155
339.834
345.456
351.017
356.515
361.948
367.315
372.614
377.842
382.999
388.083
393.094
398.029
402.889
407.672
412.378
417.007
421.558
426.031
430.426
434.743
438.982
443.143
447.227
451.234
455.164
459.017
462.795
466.497
470.125
473.679
477.159
480.566
483.901
487.165
490.357
493.48
496.534
499.518
502.435
505.284
508.067
510.785
513.437
516.024
518.548
521.008
523.406
525.743
528.018
530.232
532.387
534.482
536.518
538.496
540.416
542.279
544.085
545.835
547.529
549.168
550.752
552.281
553.757
555.179
556.548
557.864
559.127
560.338
561.498
562.606
563.662
564.667
565.622
566.527
567.381
568.185
568.939
569.644
570.3
570.906
571.463
571.971
572.431
572.841
573.204
573.517
573.782
573.999
574.168
574.288
574.361
574.385
293
299.005
304.972
310.897
316.778
322.611
328.395
334.125
339.801
345.419
350.976
356.471
361.902
367.266
372.562
377.789
382.944
388.026
393.035
397.969
402.828
407.61
412.315
416.944
421.494
425.967
430.362
434.679
438.919
443.08
447.165
451.172
455.102
458.957
462.735
466.439
470.067
473.622
477.103
480.511
483.847
487.112
490.306
493.429
496.484
499.47
502.387
505.238
508.022
510.74
513.393
515.982
518.506
520.968
523.367
525.704
527.98
530.196
532.351
534.447
536.484
538.462
540.383
542.247
544.054
545.804
547.499
549.139
550.723
552.254
553.73
555.152
556.522
557.838
559.102
560.314
561.474
562.582
563.639
564.645
565.6
566.504
567.359
568.164
568.918
569.623
570.279
570.886
571.443
571.951
572.411
572.822
573.184
573.498
573.763
573.98
574.149
574.269
574.342
574.366
293
299.004
304.969
310.892
316.772
322.604
328.386
334.116
339.79
345.406
350.963
356.457
361.886
367.25
372.545
377.771
382.925
388.007
393.015
397.949
402.807
407.589
412.295
416.923
421.473
425.946
430.341
434.658
438.898
443.059
447.144
451.151
455.082
458.937
462.715
466.419
470.048
473.603
477.084
480.493
483.829
487.094
490.288
493.412
496.467
499.453
502.371
505.222
508.007
510.725
513.379
515.967
518.493
520.954
523.354
525.691
527.968
530.183
532.339
534.435
536.472
538.451
540.372
542.236
544.043
545.794
547.489
549.129
550.714
552.244
553.721
555.144
556.513
557.83
559.094
560.306
561.466
562.574
563.631
564.637
565.592
566.497
567.352
568.157
568.911
569.617
570.272
570.879
571.436
571.945
572.404
572.815
573.178
573.491
573.757
573.974
574.143
574.263
574.335
574.36
