0
0
0
0
0
0
0
0
0
0
0
0
0
0
0
0
0
0
0
0
0
0
0
0
0
0
0
0
0
0
0
0
0
0.285219
0
0
0
0
0
0
0.78728
0.00028369
0
0.39922
0
0
0
0.604376
0
0.450132
0
0
0.503933
0.178708
0
0
0
0
0.25936
0
0.877382
0
0.577041
0
0
0
0
0.977668
0
0
0
0.901986
0
0.639123
0
0
0
0
0.336157
0.944096
0
0.750243
0
0
0
0
1
0
0
1
1
1
0
0
0
0
0
0
1
0
0.861148
0
0.181354
0
0
1
1
1
1
0
0
0.667189
0
0
0
0
0
1
0
1
0
0
1
1
1
1
1
0
0
0
0
0
0
0
0
7.17693e-40
1
1
0
1
1
1
1
1
1
0
0
0
0
0
0
0
0
0
1
1
1
1
1
1
1
1
1
0
0
0
0
0
0
0
0
0
1
1
1
1
1
1
1
1
1
0
0
0
0
1
0.548402
0.356346
0
0
1
1
1
1
1
1
1
1
1
0
1
0
0
1
0
0
0
0
0
1
1
1
1
1
1
1
1
1
1
0
1
1
0
0.479808
0.382242
0.253992
0
0
1
1
1
1
1
1
1
1
1
1
1
0
0
1
0
0
0
0
0
1
1
1
1
1
1
1
1
0
0
0
0
0
0
0.578147
0.346637
0.233555
0
0
1
1
1
1
1
1
1
1
1
1
0
0
0
0
0
0
0
0
0
1
1
1
1
1
1
1
1
1
1
1
1
1
0
0.640094
0.372224
0.253081
0
0
1
1
1
1
1
1
1
0
0
0.678868
0
0
1
1
0
0
0
0
0
1
1
1
1
1
0
0
0
0
0
0.383142
0
0
0
0.947911
0.462552
0.29912
0
0
1
1
1
0
0
0
0
0
0
0
0
0
0
0
0
0
0
0
0
