0
0
0
0
0
0
0
0
0
0
0
0
0
0
0
0
0
0.115579
0
0.12361
0.235326
0.193526
0
0.220212
0
0.233224
0.247734
0
0.267155
0
0.205451
0.193916
0
0.325052
0
0.206025
0.387538
0
0
0.473356
0.251853
0
0.319069
0
0.628013
0
0
0.489658
0
0.393503
0
0.42698
0
0
0.730554
0
0
0
0.754792
0
0
0.418226
0.861528
0
0
0.668564
0
0
0.52143
0
0.506175
0
0.961169
0
0.240069
0
0.834661
0.169528
0
0
1
0
0
0.774822
0
0
0.567355
0
0
0.843805
1
0.24422
0.286631
0
0
0.812226
0
0
0.163017
1
0
1
0
0
0
0.816759
0.683443
1
1
0
0
0
0.262338
0
0.776946
0
0
1
0
1
0
0
0.793397
1
1
1
1
0.685594
0.724927
0.628705
0.51799
0
0
0.802978
0
1
0
1
0
0.821865
1
1
1
1
1
0
0
0.197189
0
0
0.315895
0
0.826062
0
1
1
1
1
1
1
1
1
0.860005
0
0.415774
0.315076
0
0.125489
0
0
0
0.998325
1
1
1
1
1
1
1
1
0.21375
0
0.398282
0
0
0.204518
0
0
0.355311
0
1
1
1
1
1
1
1
1
0
0
0
0
0.181302
0
0
0.432567
0.517554
0
0
1
1
1
1
1
1
1
0
0.197584
0
0
0.36817
0
0
1
0.637491
0
0.241251
0
1
1
1
1
1
1
0
0.180647
0
0
0.498769
0
0
1
0
0
0.337933
0
0
1
1
1
1
1
1
1
1
1
1
1
1
1
0
0.165891
0
0
0.301294
0
1
1
1
1
1
1
1
1
1
1
0.835786
0
0
0.233815
0
0
0.475906
0
0
1
1
1
1
1
1
1
1
1
1
1
1
1
1
0.980881
0.852671
0
0.230208
0
1
1
1
1
1
1
1
0
0
0.543137
0
0
0.610817
0
0
0
0.590933
0
0
0
0.188444
0
0.256528
0
0.253873
0
0.67914
0.406453
0
0.431038
0
0
0.47014
0.196195
0
0.174366
0.336576
0
0.239817
0
0
0
0
0
0
0
0
0
0
0.225924
0
0
0
0
0
0.112162
0
